inf_prob,diag_prob,i0,vaccine_efficacy1,vaccine_efficacy2,infection_efficacy,first_outbreak_size,0,1,2,3,4,5,6,7,8,9,10,11,12,13,14,15,16,17,18,19,20,21,22,23,24,25
0.6977792470171674,0.2425844950332805,16.0,0.64,0.8,0.97,7528.0,16.0,3.0,1.0,0.0,0.0,0.0,0.0,0.0,0.0,0.0,0.0,0.0,0.0,0.0,0.0,0.0,0.0,0.0,0.0,0.0,0.0,0.0,0.0,0.0,0.0,0.0
0.6977792470171674,0.2425844950332805,16.0,0.64,0.8,0.97,7528.0,16.0,7.0,3.0,3.0,0.0,0.0,0.0,0.0,0.0,0.0,0.0,0.0,0.0,0.0,0.0,0.0,0.0,0.0,0.0,0.0,0.0,0.0,0.0,0.0,0.0,0.0
0.6977792470171674,0.2425844950332805,16.0,0.64,0.8,0.97,7528.0,16.0,5.0,4.0,3.0,3.0,3.0,0.0,0.0,0.0,0.0,0.0,0.0,0.0,0.0,0.0,0.0,0.0,0.0,0.0,0.0,0.0,0.0,0.0,0.0,0.0,0.0
0.6977792470171674,0.2425844950332805,16.0,0.64,0.8,0.97,7528.0,16.0,1.0,2.0,0.0,0.0,0.0,0.0,0.0,0.0,0.0,0.0,0.0,0.0,0.0,0.0,0.0,0.0,0.0,0.0,0.0,0.0,0.0,0.0,0.0,0.0,0.0
0.6977792470171674,0.2425844950332805,16.0,0.64,0.8,0.97,7528.0,16.0,1.0,0.0,0.0,0.0,0.0,0.0,0.0,0.0,0.0,0.0,0.0,0.0,0.0,0.0,0.0,0.0,0.0,0.0,0.0,0.0,0.0,0.0,0.0,0.0,0.0
0.6977792470171674,0.2425844950332805,16.0,0.64,0.8,0.97,7528.0,16.0,6.0,10.0,2.0,5.0,0.0,7.0,0.0,1.0,0.0,0.0,0.0,0.0,0.0,0.0,0.0,0.0,0.0,0.0,0.0,0.0,0.0,0.0,0.0,0.0,0.0
0.6977792470171674,0.2425844950332805,16.0,0.64,0.8,0.97,7528.0,16.0,7.0,5.0,0.0,1.0,3.0,1.0,3.0,2.0,5.0,2.0,0.0,0.0,0.0,0.0,0.0,0.0,0.0,0.0,0.0,0.0,0.0,0.0,0.0,0.0,0.0
0.6977792470171674,0.2425844950332805,16.0,0.64,0.8,0.97,7528.0,16.0,4.0,2.0,1.0,1.0,0.0,0.0,0.0,0.0,0.0,0.0,0.0,0.0,0.0,0.0,0.0,0.0,0.0,0.0,0.0,0.0,0.0,0.0,0.0,0.0,0.0
0.6977792470171674,0.2425844950332805,16.0,0.64,0.8,0.97,7528.0,16.0,5.0,1.0,1.0,2.0,0.0,0.0,0.0,0.0,0.0,0.0,0.0,0.0,0.0,0.0,0.0,0.0,0.0,0.0,0.0,0.0,0.0,0.0,0.0,0.0,0.0
0.6977792470171674,0.2425844950332805,16.0,0.64,0.8,0.97,7528.0,16.0,2.0,2.0,2.0,1.0,0.0,0.0,0.0,0.0,0.0,0.0,0.0,0.0,0.0,0.0,0.0,0.0,0.0,0.0,0.0,0.0,0.0,0.0,0.0,0.0,0.0
0.6977792470171674,0.2425844950332805,16.0,0.72,0.76,0.91,7528.0,16.0,1.0,0.0,0.0,0.0,0.0,0.0,0.0,0.0,0.0,0.0,0.0,0.0,0.0,0.0,0.0,0.0,0.0,0.0,0.0,0.0,0.0,0.0,0.0,0.0,0.0
0.6977792470171674,0.2425844950332805,16.0,0.72,0.76,0.91,7528.0,16.0,4.0,2.0,1.0,1.0,1.0,0.0,0.0,0.0,0.0,0.0,0.0,0.0,0.0,0.0,0.0,0.0,0.0,0.0,0.0,0.0,0.0,0.0,0.0,0.0,0.0
0.6977792470171674,0.2425844950332805,16.0,0.72,0.76,0.91,7528.0,16.0,7.0,3.0,4.0,2.0,0.0,0.0,0.0,0.0,0.0,0.0,0.0,0.0,0.0,0.0,0.0,0.0,0.0,0.0,0.0,0.0,0.0,0.0,0.0,0.0,0.0
0.6977792470171674,0.2425844950332805,16.0,0.72,0.76,0.91,7528.0,16.0,8.0,3.0,0.0,0.0,0.0,0.0,0.0,0.0,0.0,0.0,0.0,0.0,0.0,0.0,0.0,0.0,0.0,0.0,0.0,0.0,0.0,0.0,0.0,0.0,0.0
0.6977792470171674,0.2425844950332805,16.0,0.72,0.76,0.91,7528.0,16.0,3.0,2.0,3.0,8.0,4.0,3.0,0.0,0.0,0.0,0.0,0.0,0.0,0.0,0.0,0.0,0.0,0.0,0.0,0.0,0.0,0.0,0.0,0.0,0.0,0.0
0.6977792470171674,0.2425844950332805,16.0,0.72,0.76,0.91,7528.0,16.0,7.0,4.0,3.0,0.0,0.0,0.0,0.0,0.0,0.0,0.0,0.0,0.0,0.0,0.0,0.0,0.0,0.0,0.0,0.0,0.0,0.0,0.0,0.0,0.0,0.0
0.6977792470171674,0.2425844950332805,16.0,0.72,0.76,0.91,7528.0,16.0,5.0,4.0,1.0,2.0,3.0,0.0,0.0,5.0,0.0,0.0,0.0,2.0,0.0,1.0,1.0,2.0,0.0,1.0,1.0,0.0,0.0,0.0,0.0,0.0,0.0
0.6977792470171674,0.2425844950332805,16.0,0.72,0.76,0.91,7528.0,16.0,3.0,1.0,1.0,0.0,0.0,0.0,0.0,0.0,0.0,0.0,0.0,0.0,0.0,0.0,0.0,0.0,0.0,0.0,0.0,0.0,0.0,0.0,0.0,0.0,0.0
0.6977792470171674,0.2425844950332805,16.0,0.72,0.76,0.91,7528.0,16.0,6.0,7.0,3.0,4.0,4.0,6.0,0.0,2.0,0.0,0.0,0.0,0.0,0.0,0.0,0.0,0.0,0.0,0.0,0.0,0.0,0.0,0.0,0.0,0.0,0.0
0.6977792470171674,0.2425844950332805,16.0,0.72,0.76,0.91,7528.0,16.0,6.0,2.0,2.0,1.0,7.0,0.0,1.0,1.0,2.0,0.0,0.0,0.0,0.0,0.0,0.0,0.0,0.0,0.0,0.0,0.0,0.0,0.0,0.0,0.0,0.0
0.6977792470171674,0.2425844950332805,16.0,0.82,0.83,0.88,7528.0,16.0,2.0,2.0,1.0,0.0,0.0,0.0,0.0,0.0,0.0,0.0,0.0,0.0,0.0,0.0,0.0,0.0,0.0,0.0,0.0,0.0,0.0,0.0,0.0,0.0,0.0
0.6977792470171674,0.2425844950332805,16.0,0.82,0.83,0.88,7528.0,16.0,3.0,1.0,2.0,2.0,3.0,1.0,0.0,0.0,1.0,0.0,0.0,0.0,0.0,0.0,0.0,0.0,0.0,0.0,0.0,0.0,0.0,0.0,0.0,0.0,0.0
0.6977792470171674,0.2425844950332805,16.0,0.82,0.83,0.88,7528.0,16.0,3.0,0.0,2.0,0.0,1.0,0.0,0.0,0.0,0.0,0.0,0.0,0.0,0.0,0.0,0.0,0.0,0.0,0.0,0.0,0.0,0.0,0.0,0.0,0.0,0.0
0.6977792470171674,0.2425844950332805,16.0,0.82,0.83,0.88,7528.0,16.0,8.0,1.0,4.0,3.0,2.0,2.0,0.0,2.0,0.0,0.0,0.0,0.0,0.0,0.0,0.0,0.0,0.0,0.0,0.0,0.0,0.0,0.0,0.0,0.0,0.0
0.6977792470171674,0.2425844950332805,16.0,0.82,0.83,0.88,7528.0,16.0,6.0,2.0,0.0,0.0,0.0,0.0,0.0,0.0,0.0,0.0,0.0,0.0,0.0,0.0,0.0,0.0,0.0,0.0,0.0,0.0,0.0,0.0,0.0,0.0,0.0
0.6977792470171674,0.2425844950332805,16.0,0.82,0.83,0.88,7528.0,16.0,1.0,1.0,0.0,0.0,0.0,0.0,0.0,0.0,0.0,0.0,0.0,0.0,0.0,0.0,0.0,0.0,0.0,0.0,0.0,0.0,0.0,0.0,0.0,0.0,0.0
0.6977792470171674,0.2425844950332805,16.0,0.82,0.83,0.88,7528.0,16.0,4.0,4.0,0.0,0.0,0.0,0.0,0.0,0.0,0.0,0.0,0.0,0.0,0.0,0.0,0.0,0.0,0.0,0.0,0.0,0.0,0.0,0.0,0.0,0.0,0.0
0.6977792470171674,0.2425844950332805,16.0,0.82,0.83,0.88,7528.0,16.0,6.0,8.0,6.0,2.0,3.0,1.0,2.0,2.0,0.0,0.0,0.0,0.0,0.0,0.0,0.0,0.0,0.0,0.0,0.0,0.0,0.0,0.0,0.0,0.0,0.0
0.6977792470171674,0.2425844950332805,16.0,0.82,0.83,0.88,7528.0,16.0,4.0,4.0,2.0,5.0,2.0,4.0,2.0,0.0,3.0,1.0,0.0,0.0,0.0,0.0,0.0,0.0,0.0,0.0,0.0,0.0,0.0,0.0,0.0,0.0,0.0
0.6977792470171674,0.2425844950332805,16.0,0.82,0.83,0.88,7528.0,16.0,10.0,5.0,2.0,1.0,0.0,1.0,0.0,0.0,0.0,0.0,0.0,0.0,0.0,0.0,0.0,0.0,0.0,0.0,0.0,0.0,0.0,0.0,0.0,0.0,0.0
0.6977792470171674,0.2425844950332805,16.0,0.87,0.91,0.95,7528.0,16.0,5.0,0.0,4.0,0.0,0.0,0.0,0.0,0.0,0.0,0.0,0.0,0.0,0.0,0.0,0.0,0.0,0.0,0.0,0.0,0.0,0.0,0.0,0.0,0.0,0.0
0.6977792470171674,0.2425844950332805,16.0,0.87,0.91,0.95,7528.0,16.0,6.0,1.0,0.0,0.0,0.0,0.0,0.0,0.0,0.0,0.0,0.0,0.0,0.0,0.0,0.0,0.0,0.0,0.0,0.0,0.0,0.0,0.0,0.0,0.0,0.0
0.6977792470171674,0.2425844950332805,16.0,0.87,0.91,0.95,7528.0,16.0,1.0,1.0,1.0,1.0,0.0,0.0,0.0,0.0,0.0,0.0,0.0,0.0,0.0,0.0,0.0,0.0,0.0,0.0,0.0,0.0,0.0,0.0,0.0,0.0,0.0
0.6977792470171674,0.2425844950332805,16.0,0.87,0.91,0.95,7528.0,16.0,3.0,0.0,0.0,0.0,0.0,0.0,0.0,0.0,0.0,0.0,0.0,0.0,0.0,0.0,0.0,0.0,0.0,0.0,0.0,0.0,0.0,0.0,0.0,0.0,0.0
0.6977792470171674,0.2425844950332805,16.0,0.87,0.91,0.95,7528.0,16.0,5.0,0.0,1.0,3.0,4.0,2.0,0.0,0.0,0.0,0.0,0.0,0.0,0.0,0.0,0.0,0.0,0.0,0.0,0.0,0.0,0.0,0.0,0.0,0.0,0.0
0.6977792470171674,0.2425844950332805,16.0,0.87,0.91,0.95,7528.0,16.0,7.0,4.0,5.0,3.0,3.0,3.0,0.0,5.0,0.0,0.0,0.0,0.0,0.0,0.0,0.0,0.0,0.0,0.0,0.0,0.0,0.0,0.0,0.0,0.0,0.0
0.6977792470171674,0.2425844950332805,16.0,0.87,0.91,0.95,7528.0,16.0,6.0,3.0,1.0,2.0,1.0,0.0,1.0,0.0,0.0,0.0,0.0,0.0,0.0,0.0,0.0,0.0,0.0,0.0,0.0,0.0,0.0,0.0,0.0,0.0,0.0
0.6977792470171674,0.2425844950332805,16.0,0.87,0.91,0.95,7528.0,16.0,2.0,2.0,2.0,2.0,0.0,1.0,0.0,0.0,0.0,0.0,0.0,0.0,0.0,0.0,0.0,0.0,0.0,0.0,0.0,0.0,0.0,0.0,0.0,0.0,0.0
0.6977792470171674,0.2425844950332805,16.0,0.87,0.91,0.95,7528.0,16.0,3.0,2.0,4.0,1.0,1.0,0.0,0.0,0.0,0.0,0.0,0.0,0.0,0.0,0.0,0.0,0.0,0.0,0.0,0.0,0.0,0.0,0.0,0.0,0.0,0.0
0.6977792470171674,0.2425844950332805,16.0,0.87,0.91,0.95,7528.0,16.0,5.0,3.0,1.0,1.0,0.0,0.0,0.0,0.0,0.0,0.0,0.0,0.0,0.0,0.0,0.0,0.0,0.0,0.0,0.0,0.0,0.0,0.0,0.0,0.0,0.0
0.6977792470171674,0.2425844950332805,16.0,0.7,0.83,0.89,7528.0,16.0,8.0,3.0,3.0,0.0,3.0,0.0,0.0,0.0,0.0,0.0,0.0,0.0,0.0,0.0,0.0,0.0,0.0,0.0,0.0,0.0,0.0,0.0,0.0,0.0,0.0
0.6977792470171674,0.2425844950332805,16.0,0.7,0.83,0.89,7528.0,16.0,3.0,2.0,1.0,1.0,0.0,0.0,0.0,0.0,0.0,0.0,0.0,0.0,0.0,0.0,0.0,0.0,0.0,0.0,0.0,0.0,0.0,0.0,0.0,0.0,0.0
0.6977792470171674,0.2425844950332805,16.0,0.7,0.83,0.89,7528.0,16.0,1.0,2.0,0.0,0.0,0.0,0.0,0.0,0.0,0.0,0.0,0.0,0.0,0.0,0.0,0.0,0.0,0.0,0.0,0.0,0.0,0.0,0.0,0.0,0.0,0.0
0.6977792470171674,0.2425844950332805,16.0,0.7,0.83,0.89,7528.0,16.0,9.0,5.0,2.0,2.0,0.0,1.0,0.0,1.0,0.0,0.0,0.0,0.0,0.0,0.0,0.0,0.0,0.0,0.0,0.0,0.0,0.0,0.0,0.0,0.0,0.0
0.6977792470171674,0.2425844950332805,16.0,0.7,0.83,0.89,7528.0,16.0,2.0,3.0,0.0,0.0,0.0,0.0,0.0,0.0,0.0,0.0,0.0,0.0,0.0,0.0,0.0,0.0,0.0,0.0,0.0,0.0,0.0,0.0,0.0,0.0,0.0
0.6977792470171674,0.2425844950332805,16.0,0.7,0.83,0.89,7528.0,16.0,5.0,1.0,1.0,0.0,0.0,0.0,0.0,0.0,0.0,0.0,0.0,0.0,0.0,0.0,0.0,0.0,0.0,0.0,0.0,0.0,0.0,0.0,0.0,0.0,0.0
0.6977792470171674,0.2425844950332805,16.0,0.7,0.83,0.89,7528.0,16.0,0.0,5.0,3.0,4.0,2.0,1.0,1.0,0.0,0.0,1.0,0.0,0.0,0.0,0.0,0.0,0.0,0.0,0.0,0.0,0.0,0.0,0.0,0.0,0.0,0.0
0.6977792470171674,0.2425844950332805,16.0,0.7,0.83,0.89,7528.0,16.0,5.0,11.0,11.0,2.0,5.0,3.0,1.0,3.0,0.0,0.0,0.0,0.0,0.0,0.0,0.0,0.0,0.0,0.0,0.0,0.0,0.0,0.0,0.0,0.0,0.0
0.6977792470171674,0.2425844950332805,16.0,0.7,0.83,0.89,7528.0,16.0,3.0,4.0,2.0,0.0,0.0,0.0,0.0,0.0,0.0,0.0,0.0,0.0,0.0,0.0,0.0,0.0,0.0,0.0,0.0,0.0,0.0,0.0,0.0,0.0,0.0
0.6977792470171674,0.2425844950332805,16.0,0.7,0.83,0.89,7528.0,16.0,2.0,2.0,0.0,0.0,0.0,0.0,0.0,0.0,0.0,0.0,0.0,0.0,0.0,0.0,0.0,0.0,0.0,0.0,0.0,0.0,0.0,0.0,0.0,0.0,0.0
0.6977792470171674,0.2425844950332805,16.0,0.66,0.8,0.9,7528.0,16.0,7.0,7.0,5.0,0.0,3.0,1.0,1.0,2.0,1.0,0.0,0.0,0.0,1.0,0.0,0.0,0.0,0.0,0.0,0.0,0.0,0.0,0.0,0.0,0.0,0.0
0.6977792470171674,0.2425844950332805,16.0,0.66,0.8,0.9,7528.0,16.0,1.0,0.0,0.0,0.0,0.0,0.0,0.0,0.0,0.0,0.0,0.0,0.0,0.0,0.0,0.0,0.0,0.0,0.0,0.0,0.0,0.0,0.0,0.0,0.0,0.0
0.6977792470171674,0.2425844950332805,16.0,0.66,0.8,0.9,7528.0,16.0,3.0,0.0,2.0,0.0,0.0,0.0,0.0,0.0,0.0,0.0,0.0,0.0,0.0,0.0,0.0,0.0,0.0,0.0,0.0,0.0,0.0,0.0,0.0,0.0,0.0
0.6977792470171674,0.2425844950332805,16.0,0.66,0.8,0.9,7528.0,16.0,6.0,4.0,0.0,0.0,0.0,0.0,0.0,0.0,0.0,0.0,0.0,0.0,0.0,0.0,0.0,0.0,0.0,0.0,0.0,0.0,0.0,0.0,0.0,0.0,0.0
0.6977792470171674,0.2425844950332805,16.0,0.66,0.8,0.9,7528.0,16.0,6.0,7.0,1.0,2.0,4.0,2.0,0.0,0.0,0.0,0.0,0.0,0.0,0.0,0.0,0.0,0.0,0.0,0.0,0.0,0.0,0.0,0.0,0.0,0.0,0.0
0.6977792470171674,0.2425844950332805,16.0,0.66,0.8,0.9,7528.0,16.0,7.0,1.0,3.0,1.0,5.0,1.0,5.0,2.0,0.0,1.0,0.0,0.0,0.0,0.0,0.0,0.0,0.0,0.0,0.0,0.0,0.0,0.0,0.0,0.0,0.0
0.6977792470171674,0.2425844950332805,16.0,0.66,0.8,0.9,7528.0,16.0,1.0,1.0,0.0,0.0,0.0,0.0,0.0,0.0,0.0,0.0,0.0,0.0,0.0,0.0,0.0,0.0,0.0,0.0,0.0,0.0,0.0,0.0,0.0,0.0,0.0
0.6977792470171674,0.2425844950332805,16.0,0.66,0.8,0.9,7528.0,16.0,3.0,2.0,4.0,1.0,0.0,1.0,0.0,0.0,0.0,0.0,0.0,0.0,0.0,0.0,0.0,0.0,0.0,0.0,0.0,0.0,0.0,0.0,0.0,0.0,0.0
0.6977792470171674,0.2425844950332805,16.0,0.66,0.8,0.9,7528.0,16.0,5.0,10.0,11.0,12.0,8.0,10.0,3.0,1.0,3.0,0.0,3.0,0.0,1.0,1.0,1.0,0.0,0.0,0.0,0.0,0.0,0.0,0.0,0.0,0.0,0.0
0.6977792470171674,0.2425844950332805,16.0,0.66,0.8,0.9,7528.0,16.0,2.0,3.0,1.0,1.0,0.0,0.0,0.0,0.0,0.0,0.0,0.0,0.0,0.0,0.0,0.0,0.0,0.0,0.0,0.0,0.0,0.0,0.0,0.0,0.0,0.0
0.6977792470171674,0.2425844950332805,16.0,0.76,0.76,0.97,7528.0,16.0,2.0,3.0,0.0,0.0,0.0,0.0,0.0,0.0,0.0,0.0,0.0,0.0,0.0,0.0,0.0,0.0,0.0,0.0,0.0,0.0,0.0,0.0,0.0,0.0,0.0
0.6977792470171674,0.2425844950332805,16.0,0.76,0.76,0.97,7528.0,16.0,2.0,1.0,1.0,0.0,0.0,0.0,0.0,0.0,0.0,0.0,0.0,0.0,0.0,0.0,0.0,0.0,0.0,0.0,0.0,0.0,0.0,0.0,0.0,0.0,0.0
0.6977792470171674,0.2425844950332805,16.0,0.76,0.76,0.97,7528.0,16.0,4.0,5.0,2.0,0.0,0.0,0.0,0.0,0.0,0.0,0.0,0.0,0.0,0.0,0.0,0.0,0.0,0.0,0.0,0.0,0.0,0.0,0.0,0.0,0.0,0.0
0.6977792470171674,0.2425844950332805,16.0,0.76,0.76,0.97,7528.0,16.0,5.0,4.0,3.0,1.0,0.0,0.0,0.0,0.0,0.0,0.0,0.0,0.0,0.0,0.0,0.0,0.0,0.0,0.0,0.0,0.0,0.0,0.0,0.0,0.0,0.0
0.6977792470171674,0.2425844950332805,16.0,0.76,0.76,0.97,7528.0,16.0,2.0,8.0,5.0,6.0,2.0,1.0,0.0,0.0,0.0,0.0,0.0,0.0,0.0,0.0,0.0,0.0,0.0,0.0,0.0,0.0,0.0,0.0,0.0,0.0,0.0
0.6977792470171674,0.2425844950332805,16.0,0.76,0.76,0.97,7528.0,16.0,6.0,6.0,5.0,2.0,2.0,4.0,2.0,0.0,0.0,0.0,0.0,0.0,0.0,0.0,0.0,0.0,0.0,0.0,0.0,0.0,0.0,0.0,0.0,0.0,0.0
0.6977792470171674,0.2425844950332805,16.0,0.76,0.76,0.97,7528.0,16.0,6.0,2.0,0.0,1.0,0.0,0.0,0.0,0.0,0.0,0.0,0.0,0.0,0.0,0.0,0.0,0.0,0.0,0.0,0.0,0.0,0.0,0.0,0.0,0.0,0.0
0.6977792470171674,0.2425844950332805,16.0,0.76,0.76,0.97,7528.0,16.0,8.0,4.0,4.0,5.0,0.0,0.0,0.0,0.0,0.0,0.0,0.0,0.0,0.0,0.0,0.0,0.0,0.0,0.0,0.0,0.0,0.0,0.0,0.0,0.0,0.0
0.6977792470171674,0.2425844950332805,16.0,0.76,0.76,0.97,7528.0,16.0,3.0,6.0,3.0,0.0,0.0,0.0,0.0,0.0,0.0,0.0,0.0,0.0,0.0,0.0,0.0,0.0,0.0,0.0,0.0,0.0,0.0,0.0,0.0,0.0,0.0
0.6977792470171674,0.2425844950332805,16.0,0.76,0.76,0.97,7528.0,16.0,4.0,3.0,3.0,0.0,0.0,0.0,0.0,0.0,0.0,0.0,0.0,0.0,0.0,0.0,0.0,0.0,0.0,0.0,0.0,0.0,0.0,0.0,0.0,0.0,0.0
0.6977792470171674,0.2425844950332805,16.0,0.68,0.72,0.88,7528.0,16.0,5.0,6.0,5.0,5.0,5.0,2.0,3.0,1.0,1.0,1.0,0.0,0.0,0.0,0.0,0.0,0.0,0.0,0.0,0.0,0.0,0.0,0.0,0.0,0.0,0.0
0.6977792470171674,0.2425844950332805,16.0,0.68,0.72,0.88,7528.0,16.0,5.0,5.0,1.0,0.0,1.0,0.0,0.0,0.0,0.0,0.0,0.0,0.0,0.0,0.0,0.0,0.0,0.0,0.0,0.0,0.0,0.0,0.0,0.0,0.0,0.0
0.6977792470171674,0.2425844950332805,16.0,0.68,0.72,0.88,7528.0,16.0,4.0,14.0,4.0,3.0,3.0,1.0,2.0,2.0,0.0,0.0,0.0,0.0,0.0,0.0,0.0,0.0,0.0,0.0,0.0,0.0,0.0,0.0,0.0,0.0,0.0
0.6977792470171674,0.2425844950332805,16.0,0.68,0.72,0.88,7528.0,16.0,9.0,3.0,4.0,4.0,1.0,3.0,3.0,1.0,1.0,0.0,0.0,1.0,0.0,0.0,0.0,0.0,0.0,0.0,0.0,0.0,0.0,0.0,0.0,0.0,0.0
0.6977792470171674,0.2425844950332805,16.0,0.68,0.72,0.88,7528.0,16.0,1.0,4.0,0.0,1.0,0.0,0.0,0.0,0.0,0.0,0.0,0.0,0.0,0.0,0.0,0.0,0.0,0.0,0.0,0.0,0.0,0.0,0.0,0.0,0.0,0.0
0.6977792470171674,0.2425844950332805,16.0,0.68,0.72,0.88,7528.0,16.0,6.0,11.0,2.0,2.0,0.0,0.0,0.0,0.0,0.0,0.0,0.0,0.0,0.0,0.0,0.0,0.0,0.0,0.0,0.0,0.0,0.0,0.0,0.0,0.0,0.0
0.6977792470171674,0.2425844950332805,16.0,0.68,0.72,0.88,7528.0,16.0,4.0,8.0,3.0,5.0,5.0,2.0,2.0,2.0,1.0,0.0,0.0,0.0,1.0,0.0,0.0,0.0,0.0,0.0,0.0,0.0,0.0,0.0,0.0,0.0,0.0
0.6977792470171674,0.2425844950332805,16.0,0.68,0.72,0.88,7528.0,16.0,8.0,7.0,4.0,1.0,1.0,1.0,0.0,0.0,1.0,0.0,0.0,0.0,0.0,0.0,0.0,0.0,0.0,0.0,0.0,0.0,0.0,0.0,0.0,0.0,0.0
0.6977792470171674,0.2425844950332805,16.0,0.68,0.72,0.88,7528.0,16.0,2.0,8.0,2.0,3.0,5.0,4.0,1.0,1.0,0.0,0.0,0.0,0.0,0.0,0.0,0.0,0.0,0.0,0.0,0.0,0.0,0.0,0.0,0.0,0.0,0.0
0.6977792470171674,0.2425844950332805,16.0,0.68,0.72,0.88,7528.0,16.0,4.0,3.0,0.0,0.0,0.0,0.0,0.0,0.0,0.0,0.0,0.0,0.0,0.0,0.0,0.0,0.0,0.0,0.0,0.0,0.0,0.0,0.0,0.0,0.0,0.0
0.6977792470171674,0.2425844950332805,16.0,0.65,0.81,0.94,7528.0,16.0,3.0,2.0,1.0,0.0,0.0,0.0,0.0,0.0,0.0,0.0,0.0,0.0,0.0,0.0,0.0,0.0,0.0,0.0,0.0,0.0,0.0,0.0,0.0,0.0,0.0
0.6977792470171674,0.2425844950332805,16.0,0.65,0.81,0.94,7528.0,16.0,1.0,1.0,1.0,0.0,0.0,0.0,0.0,0.0,0.0,0.0,0.0,0.0,0.0,0.0,0.0,0.0,0.0,0.0,0.0,0.0,0.0,0.0,0.0,0.0,0.0
0.6977792470171674,0.2425844950332805,16.0,0.65,0.81,0.94,7528.0,16.0,4.0,6.0,6.0,1.0,1.0,0.0,0.0,0.0,2.0,0.0,0.0,0.0,0.0,0.0,0.0,0.0,0.0,0.0,0.0,0.0,0.0,0.0,0.0,0.0,0.0
0.6977792470171674,0.2425844950332805,16.0,0.65,0.81,0.94,7528.0,16.0,3.0,3.0,1.0,0.0,0.0,0.0,0.0,0.0,0.0,0.0,0.0,0.0,0.0,0.0,0.0,0.0,0.0,0.0,0.0,0.0,0.0,0.0,0.0,0.0,0.0
0.6977792470171674,0.2425844950332805,16.0,0.65,0.81,0.94,7528.0,16.0,10.0,9.0,4.0,3.0,0.0,1.0,0.0,0.0,0.0,0.0,0.0,0.0,0.0,0.0,0.0,0.0,0.0,0.0,0.0,0.0,0.0,0.0,0.0,0.0,0.0
0.6977792470171674,0.2425844950332805,16.0,0.65,0.81,0.94,7528.0,16.0,4.0,2.0,0.0,4.0,2.0,2.0,1.0,0.0,0.0,0.0,0.0,0.0,0.0,0.0,0.0,0.0,0.0,0.0,0.0,0.0,0.0,0.0,0.0,0.0,0.0
0.6977792470171674,0.2425844950332805,16.0,0.65,0.81,0.94,7528.0,16.0,4.0,2.0,2.0,3.0,1.0,0.0,0.0,0.0,0.0,0.0,0.0,0.0,0.0,0.0,0.0,0.0,0.0,0.0,0.0,0.0,0.0,0.0,0.0,0.0,0.0
0.6977792470171674,0.2425844950332805,16.0,0.65,0.81,0.94,7528.0,16.0,7.0,2.0,3.0,0.0,1.0,0.0,0.0,0.0,0.0,0.0,0.0,0.0,0.0,0.0,0.0,0.0,0.0,0.0,0.0,0.0,0.0,0.0,0.0,0.0,0.0
0.6977792470171674,0.2425844950332805,16.0,0.65,0.81,0.94,7528.0,16.0,12.0,3.0,2.0,3.0,3.0,2.0,0.0,0.0,0.0,0.0,0.0,0.0,0.0,0.0,0.0,0.0,0.0,0.0,0.0,0.0,0.0,0.0,0.0,0.0,0.0
0.6977792470171674,0.2425844950332805,16.0,0.65,0.81,0.94,7528.0,16.0,2.0,4.0,1.0,0.0,1.0,0.0,0.0,0.0,0.0,0.0,0.0,0.0,0.0,0.0,0.0,0.0,0.0,0.0,0.0,0.0,0.0,0.0,0.0,0.0,0.0
0.6977792470171674,0.2425844950332805,16.0,0.66,0.86,0.9,7528.0,16.0,4.0,1.0,3.0,1.0,3.0,1.0,0.0,0.0,0.0,0.0,0.0,0.0,0.0,0.0,0.0,0.0,0.0,0.0,0.0,0.0,0.0,0.0,0.0,0.0,0.0
0.6977792470171674,0.2425844950332805,16.0,0.66,0.86,0.9,7528.0,16.0,5.0,7.0,5.0,1.0,1.0,0.0,2.0,1.0,1.0,0.0,1.0,0.0,0.0,0.0,0.0,0.0,0.0,0.0,0.0,0.0,0.0,0.0,0.0,0.0,0.0
0.6977792470171674,0.2425844950332805,16.0,0.66,0.86,0.9,7528.0,16.0,1.0,1.0,0.0,0.0,0.0,0.0,0.0,0.0,0.0,0.0,0.0,0.0,0.0,0.0,0.0,0.0,0.0,0.0,0.0,0.0,0.0,0.0,0.0,0.0,0.0
0.6977792470171674,0.2425844950332805,16.0,0.66,0.86,0.9,7528.0,16.0,7.0,2.0,1.0,1.0,0.0,5.0,0.0,0.0,1.0,0.0,0.0,1.0,0.0,0.0,0.0,0.0,0.0,0.0,0.0,0.0,0.0,0.0,0.0,0.0,0.0
0.6977792470171674,0.2425844950332805,16.0,0.66,0.86,0.9,7528.0,16.0,5.0,9.0,2.0,1.0,1.0,1.0,0.0,0.0,0.0,0.0,0.0,0.0,0.0,0.0,0.0,0.0,0.0,0.0,0.0,0.0,0.0,0.0,0.0,0.0,0.0
0.6977792470171674,0.2425844950332805,16.0,0.66,0.86,0.9,7528.0,16.0,4.0,0.0,4.0,3.0,0.0,0.0,0.0,0.0,0.0,0.0,0.0,0.0,0.0,0.0,0.0,0.0,0.0,0.0,0.0,0.0,0.0,0.0,0.0,0.0,0.0
0.6977792470171674,0.2425844950332805,16.0,0.66,0.86,0.9,7528.0,16.0,4.0,5.0,0.0,6.0,1.0,0.0,1.0,0.0,0.0,0.0,0.0,1.0,1.0,3.0,0.0,0.0,0.0,0.0,0.0,0.0,0.0,0.0,0.0,0.0,0.0
0.6977792470171674,0.2425844950332805,16.0,0.66,0.86,0.9,7528.0,16.0,2.0,0.0,1.0,0.0,0.0,0.0,0.0,0.0,0.0,0.0,0.0,0.0,0.0,0.0,0.0,0.0,0.0,0.0,0.0,0.0,0.0,0.0,0.0,0.0,0.0
0.6977792470171674,0.2425844950332805,16.0,0.66,0.86,0.9,7528.0,16.0,4.0,2.0,1.0,0.0,0.0,0.0,0.0,0.0,0.0,0.0,0.0,0.0,0.0,0.0,0.0,0.0,0.0,0.0,0.0,0.0,0.0,0.0,0.0,0.0,0.0
0.6977792470171674,0.2425844950332805,16.0,0.66,0.86,0.9,7528.0,16.0,3.0,3.0,1.0,2.0,0.0,1.0,0.0,0.0,0.0,0.0,0.0,0.0,0.0,0.0,0.0,0.0,0.0,0.0,0.0,0.0,0.0,0.0,0.0,0.0,0.0
