inf_prob,diag_prob,i0,vaccine_efficacy1,vaccine_efficacy2,infection_efficacy,first_outbreak_size,0,1,2,3,4,5,6,7,8,9,10,11,12,13,14,15,16,17,18,19,20,21,22,23,24,25
0.6943580616631153,0.2608220331472506,11.0,0.65,0.75,0.89,7464.0,0.6573006481852243,0.5605553838956333,0.15822896170504283,0.12105443865488377,0.07014747188349484,0.15328803566440438,0.0,0.0,0.0,0.0,0.0,0.0,0.0,0.0,0.0,0.0,0.0,0.0,0.0,0.0,0.0,0.0,0.0,0.0,0.0,0.0
0.6943580616631153,0.2608220331472506,11.0,0.65,0.75,0.89,7464.0,0.8462504638526326,0.7958230412221639,0.3924291474920765,0.12432938123924524,0.15366093746494458,0.04946816114155242,0.04775893692940073,0.04666654983224753,0.0,0.0,0.0,0.0,0.0,0.0,0.0,0.0,0.0,0.0,0.0,0.0,0.0,0.0,0.0,0.0,0.0,0.0
0.6943580616631153,0.2608220331472506,11.0,0.65,0.75,0.89,7464.0,1.0708421345492578,0.6543267472147145,0.5998773733946965,0.23602898163578095,0.2596458952968801,0.1504846096935199,0.0,0.0,0.0,0.0,0.0,0.0,0.0,0.0,0.0,0.0,0.0,0.0,0.0,0.0,0.0,0.0,0.0,0.0,0.0,0.0
0.6943580616631153,0.2608220331472506,11.0,0.65,0.75,0.89,7464.0,0.5652918815580583,0.33359236189214914,0.5434505224313124,0.3124402001872031,0.22540908395946685,0.17520481320867462,0.1825655627944552,0.0,0.0,0.0,0.0,0.0,0.0,0.0,0.0,0.0,0.0,0.0,0.0,0.0,0.0,0.0,0.0,0.0,0.0,0.0
0.6943580616631153,0.2608220331472506,11.0,0.65,0.75,0.89,7464.0,0.7641970818102212,0.3120149475364896,0.7813446678388823,0.16540968503673303,0.06622507655329338,0.16812192914830293,0.1872273642365819,0.1834673906585114,0.045079140270341524,0.0,0.0,0.0,0.0,0.0,0.0,0.0,0.0,0.0,0.0,0.0,0.0,0.0,0.0,0.0,0.0,0.0
0.6943580616631153,0.2608220331472506,11.0,0.65,0.75,0.89,7464.0,1.0402514381470764,0.9586492300858195,0.3774799720943396,0.34876082244189516,0.6204108223686147,0.18927333790762588,0.25308220531141934,0.1485494455807753,0.14507244017263646,0.14303167919815837,0.0,0.0,0.0,0.0,0.0,0.0,0.0,0.0,0.0,0.0,0.0,0.0,0.0,0.0,0.0,0.0
0.6943580616631153,0.2608220331472506,11.0,0.65,0.75,0.89,7464.0,1.081228375365961,0.6236476540405238,0.43005694518459364,0.4911236865936292,0.4187146012513703,0.22552165067122498,0.1896093040759738,0.0,0.0,0.0,0.0,0.0,0.0,0.0,0.0,0.0,0.0,0.0,0.0,0.0,0.0,0.0,0.0,0.0,0.0,0.0
0.6943580616631153,0.2608220331472506,11.0,0.65,0.75,0.89,7464.0,0.6466391720073049,0.43076740061036733,0.7930968747881574,0.4365421623882187,0.26897677091734046,0.10570433400883196,0.10404962181335496,0.12008983366193032,0.0,0.0,0.0,0.0,0.0,0.0,0.0,0.0,0.0,0.0,0.0,0.0,0.0,0.0,0.0,0.0,0.0,0.0
0.6943580616631153,0.2608220331472506,11.0,0.65,0.75,0.89,7464.0,0.7433961273098643,0.7834242368530996,0.29481376769347906,0.10665486071217116,0.15642621206495172,0.15324524120248217,0.20076206257631649,0.19688172279441746,0.19351245291818253,0.0,0.0,0.0,0.0,0.0,0.0,0.0,0.0,0.0,0.0,0.0,0.0,0.0,0.0,0.0,0.0,0.0
0.6943580616631153,0.2608220331472506,11.0,0.65,0.75,0.89,7464.0,0.8102526090123677,0.6205091955140565,0.5127488748922825,0.8602820499742732,0.5566128483124307,0.0348158817319452,0.025561744268475652,7.526288707309632e-17,7.338792846254853e-17,0.09693139012907855,0.09585275728999404,0.095030420666561,0.0,0.0,0.0,0.0,0.0,0.0,0.0,0.0,0.0,0.0,0.0,0.0,0.0,0.0
0.6943580616631153,0.2608220331472506,11.0,0.65,0.77,0.98,7464.0,0.6212748483170764,0.6213366440471025,0.4399362618237927,0.3606642317873814,0.6008400913698608,0.28152810913958876,0.280359734560156,0.367653885637502,0.12708438970025224,0.1252202964780059,0.0,0.0,0.0,0.0,0.0,0.0,0.0,0.0,0.0,0.0,0.0,0.0,0.0,0.0,0.0,0.0
0.6943580616631153,0.2608220331472506,11.0,0.65,0.77,0.98,7464.0,0.5297315940763497,0.3306588932249347,0.38599509189309306,0.4983897979327118,0.48452845372858777,0.0,0.0,0.0,0.0,0.0,0.0,0.0,0.0,0.0,0.0,0.0,0.0,0.0,0.0,0.0,0.0,0.0,0.0,0.0,0.0,0.0
0.6943580616631153,0.2608220331472506,11.0,0.65,0.77,0.98,7464.0,0.7858899639110244,0.5440543605942433,0.13482611899825186,0.11691639370178682,0.12533407341459232,0.11372690885332497,0.0,0.0,0.0,0.0,0.0,0.0,0.0,0.0,0.0,0.0,0.0,0.0,0.0,0.0,0.0,0.0,0.0,0.0,0.0,0.0
0.6943580616631153,0.2608220331472506,11.0,0.65,0.77,0.98,7464.0,0.799869873459468,0.6289532408553846,0.5107386707495843,1.1860342400560484,0.10980762539044707,0.41245920481819837,0.5694550325762514,0.2602629830540356,0.0,0.0,0.0,0.0,0.0,0.0,0.0,0.0,0.0,0.0,0.0,0.0,0.0,0.0,0.0,0.0,0.0,0.0
0.6943580616631153,0.2608220331472506,11.0,0.65,0.77,0.98,7464.0,0.6310029245339259,0.7436484752733996,0.6921128667525015,0.644735067670057,0.46614221496727776,0.12733616390440847,-4.3076487582373786e-16,-4.229158104832153e-16,-4.185622981215737e-16,0.16884260810247978,0.0,0.0,0.0,0.0,0.0,0.0,0.0,0.0,0.0,0.0,0.0,0.0,0.0,0.0,0.0,0.0
0.6943580616631153,0.2608220331472506,11.0,0.65,0.77,0.98,7464.0,0.4864793039158075,0.5305399533390245,0.31918912646252123,0.37137551498926213,0.336854261759464,0.0,0.0,0.0,0.0,0.0,0.0,0.0,0.0,0.0,0.0,0.0,0.0,0.0,0.0,0.0,0.0,0.0,0.0,0.0,0.0,0.0
0.6943580616631153,0.2608220331472506,11.0,0.65,0.77,0.98,7464.0,0.4427507421913956,0.4518109008892528,0.3603757948316912,0.43223569145526664,0.0,0.0,0.0,0.0,0.0,0.0,0.0,0.0,0.0,0.0,0.0,0.0,0.0,0.0,0.0,0.0,0.0,0.0,0.0,0.0,0.0,0.0
0.6943580616631153,0.2608220331472506,11.0,0.65,0.77,0.98,7464.0,0.8676238963186187,0.5705674999330638,0.46983489231725706,0.47095178150655037,0.16656885951198833,0.0,0.0,0.0,0.0,0.0,0.0,0.0,0.0,0.0,0.0,0.0,0.0,0.0,0.0,0.0,0.0,0.0,0.0,0.0,0.0,0.0
0.6943580616631153,0.2608220331472506,11.0,0.65,0.77,0.98,7464.0,0.7805830669283288,0.35348226507790775,0.3093472842671344,0.2781102018035844,0.2385632028153232,0.34945838263028794,0.19737172120963864,0.19340527348094458,0.0,0.0,0.0,0.0,0.0,0.0,0.0,0.0,0.0,0.0,0.0,0.0,0.0,0.0,0.0,0.0,0.0,0.0
0.6943580616631153,0.2608220331472506,11.0,0.65,0.77,0.98,7464.0,0.49114100060206295,0.41591636076297556,0.32153914133657474,0.5159617845857217,0.10001465586378433,0.09822373806746647,0.0,0.0,0.0,0.0,0.0,0.0,0.0,0.0,0.0,0.0,0.0,0.0,0.0,0.0,0.0,0.0,0.0,0.0,0.0,0.0
0.6943580616631153,0.2608220331472506,11.0,0.75,0.75,0.94,7464.0,0.46109912840982226,0.3136655930565768,0.2631212438213536,0.16911663306112362,0.2581242151977941,0.20507558119580854,0.0,0.0,0.0,0.0,0.0,0.0,0.0,0.0,0.0,0.0,0.0,0.0,0.0,0.0,0.0,0.0,0.0,0.0,0.0,0.0
0.6943580616631153,0.2608220331472506,11.0,0.75,0.75,0.94,7464.0,1.0549340030743455,0.6994648069876807,0.340611134320308,0.3880240884500844,0.5202132472610278,0.913743156888663,0.6771484118616059,0.15035698462338337,0.10538363716216574,6.603358247236991e-17,6.166108466130898e-17,5.4677754614895405e-17,0.0,0.0,0.0,0.0,0.0,0.0,0.0,0.0,0.0,0.0,0.0,0.0,0.0,0.0
0.6943580616631153,0.2608220331472506,11.0,0.75,0.75,0.94,7464.0,0.6941257030242753,0.7577472300401401,0.909582864238711,0.0,0.0,0.0,0.0,0.0,0.0,0.0,0.0,0.0,0.0,0.0,0.0,0.0,0.0,0.0,0.0,0.0,0.0,0.0,0.0,0.0,0.0,0.0
0.6943580616631153,0.2608220331472506,11.0,0.75,0.75,0.94,7464.0,1.098411896813613,0.9012322779809435,0.28262681633555264,0.3120436219202602,0.2784556450676104,0.1423889205235654,0.0,0.0,0.0,0.0,0.0,0.0,0.0,0.0,0.0,0.0,0.0,0.0,0.0,0.0,0.0,0.0,0.0,0.0,0.0,0.0
0.6943580616631153,0.2608220331472506,11.0,0.75,0.75,0.94,7464.0,0.9283872457932166,0.765475984942443,0.13156564714055577,0.4136651234451953,0.6053273522010969,0.11117769239919073,0.4664957717401337,0.6599656851273998,0.087490165816964,0.0,0.0,0.0,0.0,0.0,0.0,0.0,0.0,0.0,0.0,0.0,0.0,0.0,0.0,0.0,0.0,0.0
0.6943580616631153,0.2608220331472506,11.0,0.75,0.75,0.94,7464.0,0.6700348118778053,0.5498213982694437,0.10493084557289305,0.12848545858736055,0.1501391858636802,-3.045567211620704e-17,0.0961459361060289,0.09477528632862461,0.0,0.0,0.0,0.0,0.0,0.0,0.0,0.0,0.0,0.0,0.0,0.0,0.0,0.0,0.0,0.0,0.0,0.0
0.6943580616631153,0.2608220331472506,11.0,0.75,0.75,0.94,7464.0,0.976322420582435,0.6481694988229123,0.6072609587216676,0.5523702075999499,0.08528746920710085,9.078686702215245e-17,0.2986835180844403,0.5396444060226054,0.9709002856582859,0.0,0.0,0.0,0.0,0.0,0.0,0.0,0.0,0.0,0.0,0.0,0.0,0.0,0.0,0.0,0.0,0.0
0.6943580616631153,0.2608220331472506,11.0,0.75,0.75,0.94,7464.0,1.3319751742387553,1.211882316933024,0.6290757291515491,0.10290580604632836,0.11590827175366318,0.04834555910494918,0.0,0.0,0.0,0.0,0.0,0.0,0.0,0.0,0.0,0.0,0.0,0.0,0.0,0.0,0.0,0.0,0.0,0.0,0.0,0.0
0.6943580616631153,0.2608220331472506,11.0,0.75,0.75,0.94,7464.0,0.8891410574690557,0.862545294198247,0.11006215194780235,0.3828545343164236,8.481158995568803e-16,8.148486673185778e-16,0.2195254961890233,0.21494369199556565,0.21073900876222573,0.20856018264979423,0.0,0.0,0.0,0.0,0.0,0.0,0.0,0.0,0.0,0.0,0.0,0.0,0.0,0.0,0.0,0.0
0.6943580616631153,0.2608220331472506,11.0,0.75,0.75,0.94,7464.0,0.9181329914809985,0.6157964581061661,0.4925451460612553,0.19689684782293992,0.0993959583327577,0.5850704946511234,0.0,0.0,0.0,0.0,0.0,0.0,0.0,0.0,0.0,0.0,0.0,0.0,0.0,0.0,0.0,0.0,0.0,0.0,0.0,0.0
0.6943580616631153,0.2608220331472506,11.0,0.71,0.84,0.92,7464.0,1.1118842426060527,0.6232993745685443,0.34923358743677085,0.20773765045352968,0.243767306481715,0.4320001788195272,0.37580235605387513,0.17241130794543857,-6.468168870200112e-16,-6.431059281446104e-16,-6.412126574613607e-16,-6.373940470262957e-16,0.16416391887070358,-6.383547500993513e-16,-6.362527121092866e-16,0.37073568738233525,0.0,0.0,0.0,0.0,0.0,0.0,0.0,0.0,0.0,0.0
0.6943580616631153,0.2608220331472506,11.0,0.71,0.84,0.92,7464.0,0.8344639530416953,0.6851403962980105,0.24234972258090906,0.19747779647160943,0.2388570785230713,0.0,0.0,0.0,0.0,0.0,0.0,0.0,0.0,0.0,0.0,0.0,0.0,0.0,0.0,0.0,0.0,0.0,0.0,0.0,0.0,0.0
0.6943580616631153,0.2608220331472506,11.0,0.71,0.84,0.92,7464.0,0.47978772683358123,0.3686984139022246,0.3034228654761573,0.2334229432409749,8.686355165156013e-17,0.20056623845901128,0.09897664058579551,0.04894010506107494,0.04796953302980744,0.0,0.0,0.0,0.0,0.0,0.0,0.0,0.0,0.0,0.0,0.0,0.0,0.0,0.0,0.0,0.0,0.0
0.6943580616631153,0.2608220331472506,11.0,0.71,0.84,0.92,7464.0,0.4603661307402127,0.4215950333202084,0.3196999023427248,0.2064391025553335,0.14030544597472025,0.1543009833868511,0.15067945798934795,0.0,0.0,0.0,0.0,0.0,0.0,0.0,0.0,0.0,0.0,0.0,0.0,0.0,0.0,0.0,0.0,0.0,0.0,0.0
0.6943580616631153,0.2608220331472506,11.0,0.71,0.84,0.92,7464.0,0.9900806723403627,0.8860611872126978,0.4983260072833952,0.43381717156613736,0.38358650875522954,0.0,0.0,0.0,0.0,0.0,0.0,0.0,0.0,0.0,0.0,0.0,0.0,0.0,0.0,0.0,0.0,0.0,0.0,0.0,0.0,0.0
0.6943580616631153,0.2608220331472506,11.0,0.71,0.84,0.92,7464.0,0.8493283212506654,1.0656469798193982,0.7803807403774218,0.5938828803410092,0.9647801421418809,1.3716082441208506,0.5087365811603546,0.4987886724862685,0.2740432383741946,0.2853963922075179,0.28469672301872995,0.48667658854447354,0.0,0.0,0.0,0.0,0.0,0.0,0.0,0.0,0.0,0.0,0.0,0.0,0.0,0.0
0.6943580616631153,0.2608220331472506,11.0,0.71,0.84,0.92,7464.0,0.5530647923131325,0.47262038375904586,0.7429465268609239,0.7963861359615593,0.14452582700012412,0.14051451603577608,-7.660493212542297e-16,0.09027589073652055,0.08898364373370125,0.08786338688770132,0.0,0.0,0.0,0.0,0.0,0.0,0.0,0.0,0.0,0.0,0.0,0.0,0.0,0.0,0.0,0.0
0.6943580616631153,0.2608220331472506,11.0,0.71,0.84,0.92,7464.0,0.6547874182375549,0.710256356647797,0.3846928400454386,0.2241585150676598,0.18635353505573163,0.08887973664148194,0.0,0.0,0.0,0.0,0.0,0.0,0.0,0.0,0.0,0.0,0.0,0.0,0.0,0.0,0.0,0.0,0.0,0.0,0.0,0.0
0.6943580616631153,0.2608220331472506,11.0,0.71,0.84,0.92,7464.0,0.4799930932165022,0.49272117354535555,0.2948730775016187,0.0,0.0,0.0,0.0,0.0,0.0,0.0,0.0,0.0,0.0,0.0,0.0,0.0,0.0,0.0,0.0,0.0,0.0,0.0,0.0,0.0,0.0,0.0
0.6943580616631153,0.2608220331472506,11.0,0.71,0.84,0.92,7464.0,0.7712188531471326,0.6445757253549993,0.45709180662383664,0.4841545758146502,0.1934094510876086,0.17908462362622982,0.5550252993564811,0.0,0.0,0.0,0.0,0.0,0.0,0.0,0.0,0.0,0.0,0.0,0.0,0.0,0.0,0.0,0.0,0.0,0.0,0.0
0.6943580616631153,0.2608220331472506,11.0,0.66,0.79,0.81,7464.0,0.8319362545347342,0.7976182028331349,0.7059241452736097,0.45383607433368645,0.3373619833271141,0.36280047165093815,0.037800012843062704,0.09760325980511331,0.0,0.0,0.0,0.0,0.0,0.0,0.0,0.0,0.0,0.0,0.0,0.0,0.0,0.0,0.0,0.0,0.0,0.0
0.6943580616631153,0.2608220331472506,11.0,0.66,0.79,0.81,7464.0,0.9805052189605452,1.088509927049966,0.4824848374959314,0.8140906575904705,0.8012896181627134,0.20225213802667247,0.0,0.0,0.0,0.0,0.0,0.0,0.0,0.0,0.0,0.0,0.0,0.0,0.0,0.0,0.0,0.0,0.0,0.0,0.0,0.0
0.6943580616631153,0.2608220331472506,11.0,0.66,0.79,0.81,7464.0,0.44989897488569375,0.43220501034395803,0.2814086794050014,0.25998997135695573,0.20329181195550797,0.273314580147665,0.5859947263424762,0.9471145206453649,0.6843007548696203,0.33549679987391107,0.5692240860818116,0.18983027902573246,0.2334749278914284,0.2315809471187656,0.0,0.0,0.0,0.0,0.0,0.0,0.0,0.0,0.0,0.0,0.0,0.0
0.6943580616631153,0.2608220331472506,11.0,0.66,0.79,0.81,7464.0,1.2242963302952234,0.8652852975778407,0.46284839159351215,0.5319584373362958,5.675958444817854e-16,0.051986841566667705,0.05096559699458387,0.05030417047009172,0.024850197288366037,0.02458287589659482,0.8304289275567012,0.3727531793350196,0.3546442092602727,0.5309870242659133,0.094559030659984,0.09420431835873622,6.142562498753652e-16,6.09859997091473e-16,6.040086624725673e-16,0.18895150238302408,0.0,0.0,0.0,0.0,0.0,0.0
0.6943580616631153,0.2608220331472506,11.0,0.66,0.79,0.81,7464.0,0.3967868369186591,0.4070323728324478,0.34403337907971604,0.28205639619678763,0.2756466841197153,0.0,0.0,0.0,0.0,0.0,0.0,0.0,0.0,0.0,0.0,0.0,0.0,0.0,0.0,0.0,0.0,0.0,0.0,0.0,0.0,0.0
0.6943580616631153,0.2608220331472506,11.0,0.66,0.79,0.81,7464.0,0.4920999998621163,0.39105826381799297,0.8262239206597167,0.4626138050563152,0.5176078469694987,0.37981006769500203,0.38281104240373676,0.24362333949937098,0.2404116159159038,0.23660538993281055,0.0,0.0,0.0,0.0,0.0,0.0,0.0,0.0,0.0,0.0,0.0,0.0,0.0,0.0,0.0,0.0
0.6943580616631153,0.2608220331472506,11.0,0.66,0.79,0.81,7464.0,0.9697083372642367,0.6190987669862832,0.6628225216129106,1.052584069042157,0.0,0.0,0.0,0.0,0.0,0.0,0.0,0.0,0.0,0.0,0.0,0.0,0.0,0.0,0.0,0.0,0.0,0.0,0.0,0.0,0.0,0.0
0.6943580616631153,0.2608220331472506,11.0,0.66,0.79,0.81,7464.0,1.2457936425033536,0.8200467262871416,0.46118228975366815,0.5800318015092836,0.6294431545840266,0.11542182195187263,0.5201972927023449,0.7199192017203727,1.0162880100576272e-15,0.06896028574399417,0.4765806160515399,0.07318783425614597,1.8483885316570319,1.2923216290143569,0.5776155581757776,0.4357867467113978,0.515234189814061,0.4008320557516195,0.06398642979424297,0.11311748780331221,0.09414416249263695,0.09492772182308262,0.09548158683021374,0.0,0.0,0.0
0.6943580616631153,0.2608220331472506,11.0,0.66,0.79,0.81,7464.0,0.9592849639559639,0.6445233933093117,0.6294535924575653,0.2135737445901793,0.310161374160133,0.3413519789258542,6.026135712733224e-16,5.807232389050089e-16,5.6653130312584e-16,5.502769096128749e-16,1.4996552299996548,0.7472906664497159,0.7453150051823433,0.0931612921121863,0.0,0.0,0.0,0.0,0.0,0.0,0.0,0.0,0.0,0.0,0.0,0.0
0.6943580616631153,0.2608220331472506,11.0,0.66,0.79,0.81,7464.0,0.8574974152506385,0.43407545733844666,0.35226724712332697,0.09447667723484342,0.027786643609336303,0.32620569278247113,0.0,0.0,0.0,0.0,0.0,0.0,0.0,0.0,0.0,0.0,0.0,0.0,0.0,0.0,0.0,0.0,0.0,0.0,0.0,0.0
0.6943580616631153,0.2608220331472506,11.0,0.87,0.92,0.94,7464.0,0.9224060499006215,0.7243584127050695,0.25942959403122773,0.34194075492541504,0.5065281836777562,0.0,0.0,0.0,0.0,0.0,0.0,0.0,0.0,0.0,0.0,0.0,0.0,0.0,0.0,0.0,0.0,0.0,0.0,0.0,0.0,0.0
0.6943580616631153,0.2608220331472506,11.0,0.87,0.92,0.94,7464.0,0.6151826615462946,0.6245351909182397,0.5941414405989726,0.1595047861662781,0.25516685493894625,0.2481864984105067,0.24131108410593818,0.08585567115141132,0.0,0.0,0.0,0.0,0.0,0.0,0.0,0.0,0.0,0.0,0.0,0.0,0.0,0.0,0.0,0.0,0.0,0.0
0.6943580616631153,0.2608220331472506,11.0,0.87,0.92,0.94,7464.0,0.41265507937328944,0.45506546460962455,0.38482269479417447,0.13803670677544347,0.1553596767308639,0.0,0.0,0.0,0.0,0.0,0.0,0.0,0.0,0.0,0.0,0.0,0.0,0.0,0.0,0.0,0.0,0.0,0.0,0.0,0.0,0.0
0.6943580616631153,0.2608220331472506,11.0,0.87,0.92,0.94,7464.0,0.6930310411579863,0.6228618767389967,0.4237352664405896,0.5456055972874309,0.688145323867216,0.45389383369175046,0.38411177159216553,0.5277477064454478,0.0,0.0,0.0,0.0,0.0,0.0,0.0,0.0,0.0,0.0,0.0,0.0,0.0,0.0,0.0,0.0,0.0,0.0
0.6943580616631153,0.2608220331472506,11.0,0.87,0.92,0.94,7464.0,0.9641819547660819,0.8157975676688818,0.28840272568750946,0.18989042721888583,0.3972511265205141,0.11357311393485436,0.06164804904613935,0.09051551694415276,0.088693611115355,0.0,0.0,0.0,0.0,0.0,0.0,0.0,0.0,0.0,0.0,0.0,0.0,0.0,0.0,0.0,0.0,0.0
0.6943580616631153,0.2608220331472506,11.0,0.87,0.92,0.94,7464.0,0.8397394721045562,0.6740767154656636,0.29994010381881214,0.2766783763884579,0.08757437643606641,0.12321522924388593,0.9218803993311707,0.47317107898641664,0.47094805066435547,0.1668717396913851,0.20448326585066684,0.0935506648629047,0.11880383711421656,0.0,0.0,0.0,0.0,0.0,0.0,0.0,0.0,0.0,0.0,0.0,0.0,0.0
0.6943580616631153,0.2608220331472506,11.0,0.87,0.92,0.94,7464.0,0.5092818297648721,0.5306108875198987,0.2685954155175177,0.09471647033841546,0.09220623443901725,0.0,0.0,0.0,0.0,0.0,0.0,0.0,0.0,0.0,0.0,0.0,0.0,0.0,0.0,0.0,0.0,0.0,0.0,0.0,0.0,0.0
0.6943580616631153,0.2608220331472506,11.0,0.87,0.92,0.94,7464.0,0.5825168212902182,0.4928399809561603,0.184551716044053,0.09745301559418196,0.1434306461410798,0.04651049666507815,0.0,0.0,0.0,0.0,0.0,0.0,0.0,0.0,0.0,0.0,0.0,0.0,0.0,0.0,0.0,0.0,0.0,0.0,0.0,0.0
0.6943580616631153,0.2608220331472506,11.0,0.87,0.92,0.94,7464.0,0.9223008383920043,0.5665872363573115,0.20820965996288315,0.13038017994003254,0.09464989651347018,0.0933519124921976,0.9046455558362632,0.6698789631305865,0.25300783271316524,0.2509040132023828,-1.0543638818189201e-16,-1.0505241342308673e-16,-1.0786828057123413e-16,-1.0730824724328699e-16,0.1712447683159525,0.0,0.0,0.0,0.0,0.0,0.0,0.0,0.0,0.0,0.0,0.0
0.6943580616631153,0.2608220331472506,11.0,0.87,0.92,0.94,7464.0,0.4312104691509028,0.36929837254406855,0.4832445186939835,0.527953188829016,0.3852449099050904,0.1768598409320176,0.24383335185358043,0.2525407937620754,0.0,0.0,0.0,0.0,0.0,0.0,0.0,0.0,0.0,0.0,0.0,0.0,0.0,0.0,0.0,0.0,0.0,0.0
0.6943580616631153,0.2608220331472506,11.0,0.66,0.82,0.93,7464.0,0.7720986876965629,0.6676353850855681,0.5117499372681642,0.3687160725766445,0.47480448156342764,0.0824795129525044,0.0,0.0,0.0,0.0,0.0,0.0,0.0,0.0,0.0,0.0,0.0,0.0,0.0,0.0,0.0,0.0,0.0,0.0,0.0,0.0
0.6943580616631153,0.2608220331472506,11.0,0.66,0.82,0.93,7464.0,0.41536377615517783,0.2860192872440812,0.18577416248526654,0.3451544351103399,0.6162457438471926,0.0,0.0,0.0,0.0,0.0,0.0,0.0,0.0,0.0,0.0,0.0,0.0,0.0,0.0,0.0,0.0,0.0,0.0,0.0,0.0,0.0
0.6943580616631153,0.2608220331472506,11.0,0.66,0.82,0.93,7464.0,0.7043803289094341,0.5020778486737278,0.626275611901962,0.8989015016913576,0.058974076671220045,0.024020346138097188,0.1876873079289009,0.0,0.0,0.0,0.0,0.0,0.0,0.0,0.0,0.0,0.0,0.0,0.0,0.0,0.0,0.0,0.0,0.0,0.0,0.0
0.6943580616631153,0.2608220331472506,11.0,0.66,0.82,0.93,7464.0,0.6064087949354248,0.42334790300980035,0.3667888502649024,0.09740354131789575,0.046979992713179354,0.045803835008178424,0.0,0.0,0.0,0.0,0.0,0.0,0.0,0.0,0.0,0.0,0.0,0.0,0.0,0.0,0.0,0.0,0.0,0.0,0.0,0.0
0.6943580616631153,0.2608220331472506,11.0,0.66,0.82,0.93,7464.0,0.9494004651476043,0.6106885302622285,0.4370207537139144,0.27863226220310466,0.45549553541250054,0.2222130594210144,0.29019158371045006,0.14234237739332128,0.0,0.0,0.0,0.0,0.0,0.0,0.0,0.0,0.0,0.0,0.0,0.0,0.0,0.0,0.0,0.0,0.0,0.0
0.6943580616631153,0.2608220331472506,11.0,0.66,0.82,0.93,7464.0,1.3905091513247707,1.0666938250042834,0.5407789276127442,0.29668472367911375,0.2094507578835455,0.5768895234311257,0.5633803145976537,0.0,0.0,0.0,0.0,0.0,0.0,0.0,0.0,0.0,0.0,0.0,0.0,0.0,0.0,0.0,0.0,0.0,0.0,0.0
0.6943580616631153,0.2608220331472506,11.0,0.66,0.82,0.93,7464.0,0.924623037615172,0.832870174613864,0.9531596722147269,0.5668278815065176,0.13549821907658174,0.2061338927280164,0.36016029574181596,0.37162515831788734,0.1624952079593658,-5.036584567891707e-16,1.1692351046351763,1.158876222619896,0.0,0.0,0.0,0.0,0.0,0.0,0.0,0.0,0.0,0.0,0.0,0.0,0.0,0.0
0.6943580616631153,0.2608220331472506,11.0,0.66,0.82,0.93,7464.0,0.7973321237752373,0.2500360306874117,0.11829674517530502,0.14625660388234737,0.21260988171198258,0.2751851251793652,0.0,0.0,0.0,0.0,0.0,0.0,0.0,0.0,0.0,0.0,0.0,0.0,0.0,0.0,0.0,0.0,0.0,0.0,0.0,0.0
0.6943580616631153,0.2608220331472506,11.0,0.66,0.82,0.93,7464.0,0.5378934103125922,0.5043953289333651,0.4772822049517845,0.30351531270819804,0.16354036077218106,0.1597369051613928,0.42392314148806887,0.0,0.0,0.0,0.0,0.0,0.0,0.0,0.0,0.0,0.0,0.0,0.0,0.0,0.0,0.0,0.0,0.0,0.0,0.0
0.6943580616631153,0.2608220331472506,11.0,0.66,0.82,0.93,7464.0,0.8114690754103852,0.6990561736360559,0.31753868513965694,0.0,0.0,0.0,0.0,0.0,0.0,0.0,0.0,0.0,0.0,0.0,0.0,0.0,0.0,0.0,0.0,0.0,0.0,0.0,0.0,0.0,0.0,0.0
0.6943580616631153,0.2608220331472506,11.0,0.69,0.77,0.78,7464.0,0.9282061857868805,0.9297372247862661,0.6322299039995849,0.7573204531639286,0.6071608534082421,1.0070096688008172,1.0172239138478483,0.32920685098625874,0.3516042843546633,0.20028209322807483,0.26220466211960847,0.14164500947675332,0.14084043124630488,0.02343255738239865,0.023402478202287455,0.4685485421455901,0.23520807119135406,7.566899304595928e-17,7.455367894981208e-17,1.048066036525646,0.0,0.0,0.0,0.0,0.0,0.0
0.6943580616631153,0.2608220331472506,11.0,0.69,0.77,0.78,7464.0,0.9392670967990998,0.8008054983108385,0.8978184677096888,0.8267826493822108,0.04549230009851877,0.405575049685152,0.12722935357562024,0.11129062961346677,0.07042965389178593,0.046733392142114895,0.0,0.0,0.0,0.0,0.0,0.0,0.0,0.0,0.0,0.0,0.0,0.0,0.0,0.0,0.0,0.0
0.6943580616631153,0.2608220331472506,11.0,0.69,0.77,0.78,7464.0,0.9768349271895055,0.6467557123451848,0.6551011248983228,0.20683233490281935,0.24767480642829423,0.24300219323526978,0.0,0.0,0.0,0.0,0.0,0.0,0.0,0.0,0.0,0.0,0.0,0.0,0.0,0.0,0.0,0.0,0.0,0.0,0.0,0.0
0.6943580616631153,0.2608220331472506,11.0,0.69,0.77,0.78,7464.0,1.1657477756792003,0.8956225016304366,0.7955442344393113,0.5725354941688884,0.1806839287835484,0.2842330958602315,0.3064898943707338,-7.377981265904002e-16,-7.323288240966312e-16,0.09701529349914745,0.0,0.0,0.0,0.0,0.0,0.0,0.0,0.0,0.0,0.0,0.0,0.0,0.0,0.0,0.0,0.0
0.6943580616631153,0.2608220331472506,11.0,0.69,0.77,0.78,7464.0,0.9930965339934091,0.6843624596268698,0.4747798959414713,0.03780730023954668,1.5874794879059515,0.05263716141158662,0.0,0.0,0.0,0.0,0.0,0.0,0.0,0.0,0.0,0.0,0.0,0.0,0.0,0.0,0.0,0.0,0.0,0.0,0.0,0.0
0.6943580616631153,0.2608220331472506,11.0,0.69,0.77,0.78,7464.0,0.7606856164435686,0.5052908139756002,0.540047135067393,0.4913378987685813,0.7714290879076761,0.8647263446207383,1.077349241820821,0.9552603975597633,0.14235875666981385,0.29122261739789956,0.4484005094089751,0.27703088225764544,-4.3006076505234446e-16,-4.307463271741496e-16,-4.295911826836091e-16,0.04666940025761872,0.0,0.0,0.0,0.0,0.0,0.0,0.0,0.0,0.0,0.0
0.6943580616631153,0.2608220331472506,11.0,0.69,0.77,0.78,7464.0,0.5933431554356188,0.4301348292610562,0.4673749709244609,0.0,0.0,0.0,0.0,0.0,0.0,0.0,0.0,0.0,0.0,0.0,0.0,0.0,0.0,0.0,0.0,0.0,0.0,0.0,0.0,0.0,0.0,0.0
0.6943580616631153,0.2608220331472506,11.0,0.69,0.77,0.78,7464.0,0.8795486049904667,0.9967108404076868,0.7073602907950765,0.4709868720921846,1.0761160822429903,0.0,0.0,0.0,0.0,0.0,0.0,0.0,0.0,0.0,0.0,0.0,0.0,0.0,0.0,0.0,0.0,0.0,0.0,0.0,0.0,0.0
0.6943580616631153,0.2608220331472506,11.0,0.69,0.77,0.78,7464.0,1.1118172261806565,0.6277066158135892,0.39023757602499703,0.4308720577295126,0.9375784945122175,0.6274766823122806,0.13215018433869105,0.09705335761608545,0.09555951622020253,0.0,0.0,0.0,0.0,0.0,0.0,0.0,0.0,0.0,0.0,0.0,0.0,0.0,0.0,0.0,0.0,0.0
0.6943580616631153,0.2608220331472506,11.0,0.69,0.77,0.78,7464.0,0.6363179412415744,0.5058475229601495,0.4811521245331575,0.32826394466200476,0.8023721831709496,0.7805651742636188,0.5256411785228389,0.6285074618692392,0.050859236604242186,0.0,0.0,0.0,0.0,0.0,0.0,0.0,0.0,0.0,0.0,0.0,0.0,0.0,0.0,0.0,0.0,0.0
0.6943580616631153,0.2608220331472506,11.0,0.67,0.8,0.88,7464.0,0.5551670685110032,0.5382128101725504,0.3625000270996983,0.3370415024590489,0.2858429215000403,0.759994554745058,0.8426222401932889,0.4124744011075462,0.22171678194347355,0.3860132348405451,0.29683015405833696,0.2918334832655172,0.5747362119292503,0.0,0.0,0.0,0.0,0.0,0.0,0.0,0.0,0.0,0.0,0.0,0.0,0.0
0.6943580616631153,0.2608220331472506,11.0,0.67,0.8,0.88,7464.0,0.47944005080976376,0.3671542963346041,0.12974003197025757,0.08295161357891914,0.08066121430435436,0.07350927434973291,0.09563984740256352,0.09317385131779611,0.0,0.0,0.0,0.0,0.0,0.0,0.0,0.0,0.0,0.0,0.0,0.0,0.0,0.0,0.0,0.0,0.0,0.0
0.6943580616631153,0.2608220331472506,11.0,0.67,0.8,0.88,7464.0,0.8435086993645544,0.7083814382076455,0.22113827854534873,0.14876324648741276,0.05277480628301458,0.41222877282012504,0.40307670426783304,0.39400790999832014,0.0,0.0,0.0,0.0,0.0,0.0,0.0,0.0,0.0,0.0,0.0,0.0,0.0,0.0,0.0,0.0,0.0,0.0
0.6943580616631153,0.2608220331472506,11.0,0.67,0.8,0.88,7464.0,0.5195411844769264,0.41358147270433787,0.08194542913527005,0.2684613308851257,0.3698956839130492,0.0,0.0,0.0,0.0,0.0,0.0,0.0,0.0,0.0,0.0,0.0,0.0,0.0,0.0,0.0,0.0,0.0,0.0,0.0,0.0,0.0
0.6943580616631153,0.2608220331472506,11.0,0.67,0.8,0.88,7464.0,0.7372246890080622,0.6526357977288169,0.3553319291016268,0.4924402501113675,0.42508270151721694,0.20782930882753178,0.8007535595322111,0.4185169415606332,0.10844688191966659,0.2672710582030178,0.31039064423455887,0.0938341433844162,0.0,0.0,0.0,0.0,0.0,0.0,0.0,0.0,0.0,0.0,0.0,0.0,0.0,0.0
0.6943580616631153,0.2608220331472506,11.0,0.67,0.8,0.88,7464.0,1.3137603764707668,0.5960784509779795,0.5350143113225984,0.3165376290369583,0.5281568515876713,0.7042757536147025,1.2182427205650452,1.1840369191165974,0.04360686551933277,0.0,0.0,0.0,0.0,0.0,0.0,0.0,0.0,0.0,0.0,0.0,0.0,0.0,0.0,0.0,0.0,0.0
0.6943580616631153,0.2608220331472506,11.0,0.67,0.8,0.88,7464.0,0.6414322537803857,0.6402671537747364,0.13544281401688646,0.08875016373934456,0.026154780648921367,1.4775762768065923,-2.2004895394226955e-16,-2.1578015438793042e-16,0.3488642008314744,0.2469465379904785,0.24473775718150256,0.24259613937399446,0.2392814253041132,0.0,0.0,0.0,0.0,0.0,0.0,0.0,0.0,0.0,0.0,0.0,0.0,0.0
0.6943580616631153,0.2608220331472506,11.0,0.67,0.8,0.88,7464.0,0.7880754506151003,0.754088709287814,0.3239415493618488,0.3801068500956649,0.47378885245097346,0.2366951292548872,0.19719290577858561,0.5493926761784202,0.07511867992208325,0.0886413940970268,0.08737589183106466,0.8248981928842896,0.8263541538736132,0.0,0.0,0.0,0.0,0.0,0.0,0.0,0.0,0.0,0.0,0.0,0.0,0.0
0.6943580616631153,0.2608220331472506,11.0,0.67,0.8,0.88,7464.0,1.02584268392787,0.7056570259188123,0.6888470162510233,0.3205658825099965,0.3862681742723996,0.33732708898022956,0.22086230551753805,0.09803575401806244,0.09536307661641037,0.0,0.0,0.0,0.0,0.0,0.0,0.0,0.0,0.0,0.0,0.0,0.0,0.0,0.0,0.0,0.0,0.0
0.6943580616631153,0.2608220331472506,11.0,0.67,0.8,0.88,7464.0,0.3883847924081481,0.39471172238396846,0.42908188738695724,0.4717751116067507,0.0,0.0,0.0,0.0,0.0,0.0,0.0,0.0,0.0,0.0,0.0,0.0,0.0,0.0,0.0,0.0,0.0,0.0,0.0,0.0,0.0,0.0
0.6943580616631153,0.2608220331472506,11.0,0.66,0.75,0.78,7464.0,0.6372327395575718,0.5183340573268699,0.6856899533598061,1.048761822153272,1.0244611537826179e-16,0.11273529117641551,0.11111700623254321,0.0,0.0,0.0,0.0,0.0,0.0,0.0,0.0,0.0,0.0,0.0,0.0,0.0,0.0,0.0,0.0,0.0,0.0,0.0
0.6943580616631153,0.2608220331472506,11.0,0.66,0.75,0.78,7464.0,0.8661418154866456,0.586749296311056,0.33616899211863727,0.1602809805545701,0.37145363899057476,0.3903026397182522,0.0,0.0,0.0,0.0,0.0,0.0,0.0,0.0,0.0,0.0,0.0,0.0,0.0,0.0,0.0,0.0,0.0,0.0,0.0,0.0
0.6943580616631153,0.2608220331472506,11.0,0.66,0.75,0.78,7464.0,0.5933363735283237,0.5990500571807968,1.0272773582486485,0.49877072331762795,1.4186621386245457,0.5347235862152563,0.3156624189983541,0.18345388194306272,0.07925076461479177,0.023602682412440238,0.16420082739717387,0.281550068169202,0.1876166467681615,0.0,0.0,0.0,0.0,0.0,0.0,0.0,0.0,0.0,0.0,0.0,0.0,0.0
0.6943580616631153,0.2608220331472506,11.0,0.66,0.75,0.78,7464.0,0.7410617604955573,0.42637731144583174,0.47850718270441944,0.0,0.0,0.0,0.0,0.0,0.0,0.0,0.0,0.0,0.0,0.0,0.0,0.0,0.0,0.0,0.0,0.0,0.0,0.0,0.0,0.0,0.0,0.0
0.6943580616631153,0.2608220331472506,11.0,0.66,0.75,0.78,7464.0,1.6464427105338677,0.8261225078994328,0.6308722231845506,0.5734973284713596,0.4340116019894701,0.37510374613606123,0.9271763485544311,0.6398428610365979,0.28549010437810785,0.5013967184426035,0.2933033420375298,0.4712577259429944,0.2828322697160024,0.10292786465485163,1.0892749974950384,1.4897464710281323,0.3262268916326657,0.32788681656182384,0.3297820004900023,0.33261629255092234,0.3346991184944925,0.0,0.0,0.0,0.0,0.0
0.6943580616631153,0.2608220331472506,11.0,0.66,0.75,0.78,7464.0,0.882255417267221,1.136607990808025,0.9672081952743073,0.3917800490109276,0.1833433178417977,0.8376974116709676,0.3871225781886716,0.15327562580596346,0.20947837206167308,0.40267347819997895,0.14157704953384392,0.4305997726952634,1.2070429239327312,1.4641822436667147,0.9961499617190991,0.6128986417648163,0.7378989022499108,0.9240160927651009,1.4808758082597395,1.6212156954348231,0.09548467614678807,0.5521549634714656,0.48299799672095106,0.03223642026358449,0.04864690974436967,0.09800074208386803
0.6943580616631153,0.2608220331472506,11.0,0.66,0.75,0.78,7464.0,0.915278711521967,0.8051272528885198,0.7141372812789699,0.7047390581800848,0.7633408677611895,0.4310783289746266,0.6301442262283437,0.6108810865798636,1.228080546348995,1.7678350688550166,2.006384562878865,0.46060861030178474,1.2950375165872003e-15,0.572717643868312,0.5733841823896185,0.0,0.0,0.0,0.0,0.0,0.0,0.0,0.0,0.0,0.0,0.0
0.6943580616631153,0.2608220331472506,11.0,0.66,0.75,0.78,7464.0,0.4299138018917432,0.3940744381310257,0.3789906334156253,0.3262616175993478,0.3242125516894013,0.0,0.0,0.0,0.0,0.0,0.0,0.0,0.0,0.0,0.0,0.0,0.0,0.0,0.0,0.0,0.0,0.0,0.0,0.0,0.0,0.0
0.6943580616631153,0.2608220331472506,11.0,0.66,0.75,0.78,7464.0,0.7028656039355531,0.7028656039355531,0.30980346784012625,0.15835114667739578,0.05613529218350935,0.054634244742365036,0.0,0.0,0.0,0.0,0.0,0.0,0.0,0.0,0.0,0.0,0.0,0.0,0.0,0.0,0.0,0.0,0.0,0.0,0.0,0.0
0.6943580616631153,0.2608220331472506,11.0,0.66,0.75,0.78,7464.0,0.7024542709139487,0.7203942442104159,0.6785052809844613,0.8152016135896513,0.5924591379811993,0.6837464481766689,0.32688325295984627,0.2962502942835107,-3.840050573519034e-16,-3.7720847656366347e-16,-3.67456235517345e-16,-3.615062079116041e-16,1.0968739788024566,0.0,0.0,0.0,0.0,0.0,0.0,0.0,0.0,0.0,0.0,0.0,0.0,0.0
