inf_prob,diag_prob,i0,vaccine_efficacy1,vaccine_efficacy2,infection_efficacy,first_outbreak_size,0,1,2,3,4,5,6,7,8,9,10,11,12,13,14,15,16,17,18,19,20,21,22,23,24,25
0.6819264575012978,0.2506976844351754,11.0,0.72,0.91,0.95,7126.0,0.5724024033893891,0.33123877019466014,0.5519102629580939,0.34741701372813083,0.10004475180629577,0.0723104223596053,0.07774903665887199,0.09543069065864235,0.09423293991771464,0.0,0.0,0.0,0.0,0.0,0.0,0.0,0.0,0.0,0.0,0.0,0.0,0.0,0.0,0.0,0.0,0.0
0.6819264575012978,0.2506976844351754,11.0,0.72,0.91,0.95,7126.0,0.7368723254515942,0.6365515065784833,0.5835652346897786,0.4679451317676064,-9.560661006192381e-17,-9.130265864027363e-17,0.5234787464007036,0.04709959320261352,-8.013114462737896e-17,-1.6320878940520594e-16,-1.6240646432928921e-16,-1.6294770349333369e-16,0.11386744784331773,0.11454406364723647,0.0,0.0,0.0,0.0,0.0,0.0,0.0,0.0,0.0,0.0,0.0,0.0
0.6819264575012978,0.2506976844351754,11.0,0.72,0.91,0.95,7126.0,0.9326434664900609,0.6392188092297327,0.3700059275204435,0.4907928012285643,0.18817277339097,0.12270261275174241,0.0,0.0,0.0,0.0,0.0,0.0,0.0,0.0,0.0,0.0,0.0,0.0,0.0,0.0,0.0,0.0,0.0,0.0,0.0,0.0
0.6819264575012978,0.2506976844351754,11.0,0.72,0.91,0.95,7126.0,0.49236203800156414,0.5595335775672903,0.5285950691513598,0.46791661125231887,0.3674783499890803,0.146175814238973,0.22424141459277022,0.0,0.0,0.0,0.0,0.0,0.0,0.0,0.0,0.0,0.0,0.0,0.0,0.0,0.0,0.0,0.0,0.0,0.0,0.0
0.6819264575012978,0.2506976844351754,11.0,0.72,0.91,0.95,7126.0,0.6655847753484471,0.6240977092673592,0.22197354182385062,0.18127389093711205,0.13255114016886338,0.0,0.0,0.0,0.0,0.0,0.0,0.0,0.0,0.0,0.0,0.0,0.0,0.0,0.0,0.0,0.0,0.0,0.0,0.0,0.0,0.0
0.6819264575012978,0.2506976844351754,11.0,0.72,0.91,0.95,7126.0,0.9060402486459087,0.9701812173136913,0.5958239921163161,0.4973711735064854,0.3260781618628185,0.08390433825475757,0.6251751502374898,0.7944958447713636,1.3144464938505358,0.3746595270485073,0.37225899140167895,0.0,0.0,0.0,0.0,0.0,0.0,0.0,0.0,0.0,0.0,0.0,0.0,0.0,0.0,0.0
0.6819264575012978,0.2506976844351754,11.0,0.72,0.91,0.95,7126.0,0.9415406495473324,0.7767261483841105,0.3246941507937467,0.23645254614875613,0.0,0.0,0.0,0.0,0.0,0.0,0.0,0.0,0.0,0.0,0.0,0.0,0.0,0.0,0.0,0.0,0.0,0.0,0.0,0.0,0.0,0.0
0.6819264575012978,0.2506976844351754,11.0,0.72,0.91,0.95,7126.0,0.5632620183378578,0.45938823174355914,0.316302500523255,0.10549603494858344,0.1715015459310708,0.11046909725690275,0.02720659920095814,0.6166441902635265,0.7219527063326046,0.26862927260896563,0.0,0.0,0.0,0.0,0.0,0.0,0.0,0.0,0.0,0.0,0.0,0.0,0.0,0.0,0.0,0.0
0.6819264575012978,0.2506976844351754,11.0,0.72,0.91,0.95,7126.0,0.6480539257643637,0.608128190736645,0.49455973023801975,0.21459182719444492,0.11377777972801821,0.048757230020128065,0.0,0.0,0.0,0.0,0.0,0.0,0.0,0.0,0.0,0.0,0.0,0.0,0.0,0.0,0.0,0.0,0.0,0.0,0.0,0.0
0.6819264575012978,0.2506976844351754,11.0,0.72,0.91,0.95,7126.0,0.7055738517633582,0.6845142717515368,0.6457146855684993,0.5362811139768475,0.2428832901387605,0.0,0.0,0.0,0.0,0.0,0.0,0.0,0.0,0.0,0.0,0.0,0.0,0.0,0.0,0.0,0.0,0.0,0.0,0.0,0.0,0.0
0.6819264575012978,0.2506976844351754,11.0,0.73,0.88,0.93,7126.0,0.5820897504607335,0.6369211057395983,0.7569413653378364,0.6337466209571808,0.11608891977890969,0.11259962930745215,0.1652482069946804,0.16253883240109268,0.0,0.0,0.0,0.0,0.0,0.0,0.0,0.0,0.0,0.0,0.0,0.0,0.0,0.0,0.0,0.0,0.0,0.0
0.6819264575012978,0.2506976844351754,11.0,0.73,0.88,0.93,7126.0,0.4960246288627474,0.43461220581250193,0.7247425067978288,0.9225217959756971,1.6706145567472614,0.5318647909915165,0.516940498226028,-1.0201309818384572e-16,0.19650325732863014,0.1164883644656522,0.11580866510503647,0.11549544996367914,0.0,0.0,0.0,0.0,0.0,0.0,0.0,0.0,0.0,0.0,0.0,0.0,0.0,0.0
0.6819264575012978,0.2506976844351754,11.0,0.73,0.88,0.93,7126.0,0.7356869428915768,0.5927667294746971,0.5561641072840168,0.4561916587122917,0.11210092891397687,0.14212640295435505,0.0,0.0,0.0,0.0,0.0,0.0,0.0,0.0,0.0,0.0,0.0,0.0,0.0,0.0,0.0,0.0,0.0,0.0,0.0,0.0
0.6819264575012978,0.2506976844351754,11.0,0.73,0.88,0.93,7126.0,0.7490437538179492,0.5852134099481129,0.58881937312765,0.24958312392277546,0.21392932305731227,0.5333475258156912,0.5183536670963113,0.5083669044143662,0.0,0.0,0.0,0.0,0.0,0.0,0.0,0.0,0.0,0.0,0.0,0.0,0.0,0.0,0.0,0.0,0.0,0.0
0.6819264575012978,0.2506976844351754,11.0,0.73,0.88,0.93,7126.0,0.5910880823674075,0.45779966874119604,0.4528476363353189,0.29544669748578645,0.4005804253070842,0.143814600886659,0.12441478256289511,0.0,0.0,0.0,0.0,0.0,0.0,0.0,0.0,0.0,0.0,0.0,0.0,0.0,0.0,0.0,0.0,0.0,0.0,0.0
0.6819264575012978,0.2506976844351754,11.0,0.73,0.88,0.93,7126.0,0.45549986682086685,0.3951383336247367,0.2283575052425512,0.2169381775065627,0.18747152997087735,0.0,0.0,0.0,0.0,0.0,0.0,0.0,0.0,0.0,0.0,0.0,0.0,0.0,0.0,0.0,0.0,0.0,0.0,0.0,0.0,0.0
0.6819264575012978,0.2506976844351754,11.0,0.73,0.88,0.93,7126.0,0.4148260993248107,0.4187766192887539,0.24071266143479284,0.7118345237738769,0.8416449012994925,0.7619238396585594,-1.0430725769443569e-16,-1.0388650896713814e-16,0.044689064863889426,0.0,0.0,0.0,0.0,0.0,0.0,0.0,0.0,0.0,0.0,0.0,0.0,0.0,0.0,0.0,0.0,0.0
0.6819264575012978,0.2506976844351754,11.0,0.73,0.88,0.93,7126.0,0.812411271474432,0.7045878403612854,0.3854303331500418,0.4391288618890584,0.06295225600356495,0.04606441245531736,0.04466320875749012,0.0,0.0,0.0,0.0,0.0,0.0,0.0,0.0,0.0,0.0,0.0,0.0,0.0,0.0,0.0,0.0,0.0,0.0,0.0
0.6819264575012978,0.2506976844351754,11.0,0.73,0.88,0.93,7126.0,0.7310587937061027,0.6077559087197923,0.5428798908100237,0.4776082695585383,0.4906602614178167,0.07688753980813172,0.11367578366270889,0.18924774819469575,0.0,0.0,0.0,0.0,0.0,0.0,0.0,0.0,0.0,0.0,0.0,0.0,0.0,0.0,0.0,0.0,0.0,0.0
0.6819264575012978,0.2506976844351754,11.0,0.73,0.88,0.93,7126.0,0.4598020332881789,0.3220796177092106,0.1616739233403827,0.08654427265010078,0.0,0.0,0.0,0.0,0.0,0.0,0.0,0.0,0.0,0.0,0.0,0.0,0.0,0.0,0.0,0.0,0.0,0.0,0.0,0.0,0.0,0.0
0.6819264575012978,0.2506976844351754,11.0,0.68,0.72,0.98,7126.0,0.43619533161441915,0.39018384392843114,0.03498269769751179,0.11246634608247144,0.13050693977150238,0.0,0.0,0.0,0.0,0.0,0.0,0.0,0.0,0.0,0.0,0.0,0.0,0.0,0.0,0.0,0.0,0.0,0.0,0.0,0.0,0.0
0.6819264575012978,0.2506976844351754,11.0,0.68,0.72,0.98,7126.0,0.997858210047034,0.7574893418045145,0.19124829201856614,0.09403415535509035,0.3839501229326429,-3.6514576646292204e-17,-3.26448816045474e-17,-1.9728886473450403e-17,0.23906361089894362,0.23760883159177074,0.23647330420567725,0.23628385373349686,0.0,0.0,0.0,0.0,0.0,0.0,0.0,0.0,0.0,0.0,0.0,0.0,0.0,0.0
0.6819264575012978,0.2506976844351754,11.0,0.68,0.72,0.98,7126.0,0.6571904956293338,0.5484690713025858,0.4071191218222784,0.377911619895027,0.11749549814306101,3.1673003872008335e-16,0.31360961491790723,0.0,0.0,0.0,0.0,0.0,0.0,0.0,0.0,0.0,0.0,0.0,0.0,0.0,0.0,0.0,0.0,0.0,0.0,0.0
0.6819264575012978,0.2506976844351754,11.0,0.68,0.72,0.98,7126.0,1.039379481813432,0.7177542354564828,0.3194512655754698,0.3216111008325162,0.3941992587233644,0.37519403894598075,0.5069405431233726,0.0,0.0,0.0,0.0,0.0,0.0,0.0,0.0,0.0,0.0,0.0,0.0,0.0,0.0,0.0,0.0,0.0,0.0,0.0
0.6819264575012978,0.2506976844351754,11.0,0.68,0.72,0.98,7126.0,0.8783267022651614,0.7035561992284008,0.768718827918228,-1.0815245816910046e-16,-1.0218932485159769e-16,0.11334447723791531,-2.7921306969239897e-16,0.3948216679301785,0.0,0.0,0.0,0.0,0.0,0.0,0.0,0.0,0.0,0.0,0.0,0.0,0.0,0.0,0.0,0.0,0.0,0.0
0.6819264575012978,0.2506976844351754,11.0,0.68,0.72,0.98,7126.0,0.6340303504134633,0.6466048546039646,0.501563803605049,0.12136218982819935,0.16856367933407815,0.4348605790708266,0.0,0.0,0.0,0.0,0.0,0.0,0.0,0.0,0.0,0.0,0.0,0.0,0.0,0.0,0.0,0.0,0.0,0.0,0.0,0.0
0.6819264575012978,0.2506976844351754,11.0,0.68,0.72,0.98,7126.0,0.92389971135513,0.7307664987306234,0.3947863678217444,0.2232388678261476,0.14082214594346232,0.0,0.0,0.0,0.0,0.0,0.0,0.0,0.0,0.0,0.0,0.0,0.0,0.0,0.0,0.0,0.0,0.0,0.0,0.0,0.0,0.0
0.6819264575012978,0.2506976844351754,11.0,0.68,0.72,0.98,7126.0,1.2606018533362642,0.709758057090507,0.5668659397980714,0.3957278651546407,0.14150364033001675,0.10371624196364071,0.10079998330952954,0.11893855692800208,0.11806295188984872,0.0,0.0,0.0,0.0,0.0,0.0,0.0,0.0,0.0,0.0,0.0,0.0,0.0,0.0,0.0,0.0,0.0
0.6819264575012978,0.2506976844351754,11.0,0.68,0.72,0.98,7126.0,0.8414715536092079,0.7141189780457226,0.47904240057136754,0.5404035354900105,0.165669441264133,0.17241722706235588,0.0,0.0,0.0,0.0,0.0,0.0,0.0,0.0,0.0,0.0,0.0,0.0,0.0,0.0,0.0,0.0,0.0,0.0,0.0,0.0
0.6819264575012978,0.2506976844351754,11.0,0.68,0.72,0.98,7126.0,0.8688650856057522,0.8666838948641234,0.3588345442055714,0.42132418280176265,0.0,0.0,0.0,0.0,0.0,0.0,0.0,0.0,0.0,0.0,0.0,0.0,0.0,0.0,0.0,0.0,0.0,0.0,0.0,0.0,0.0,0.0
0.6819264575012978,0.2506976844351754,11.0,0.77,0.85,0.99,7126.0,0.9964778017770876,0.8039039365024241,0.33020281249101874,0.10797773626635893,0.11332164908524793,0.044151900970850894,0.0,0.0,0.0,0.0,0.0,0.0,0.0,0.0,0.0,0.0,0.0,0.0,0.0,0.0,0.0,0.0,0.0,0.0,0.0,0.0
0.6819264575012978,0.2506976844351754,11.0,0.77,0.85,0.99,7126.0,0.7478391491907762,0.5612117586302485,0.35205823103252687,0.7330571325458605,0.0,0.0,0.0,0.0,0.0,0.0,0.0,0.0,0.0,0.0,0.0,0.0,0.0,0.0,0.0,0.0,0.0,0.0,0.0,0.0,0.0,0.0
0.6819264575012978,0.2506976844351754,11.0,0.77,0.85,0.99,7126.0,0.4299448732067048,0.37197906743976855,0.11494302151972881,0.022211770823275318,0.042792108819041656,0.0,0.0,0.0,0.0,0.0,0.0,0.0,0.0,0.0,0.0,0.0,0.0,0.0,0.0,0.0,0.0,0.0,0.0,0.0,0.0,0.0
0.6819264575012978,0.2506976844351754,11.0,0.77,0.85,0.99,7126.0,0.4126753379135236,0.42986637010085327,0.23192922474733657,0.19114783755903847,0.08772816100851509,0.042781166595373316,0.041896797666284305,0.04112302816262988,0.0,0.0,0.0,0.0,0.0,0.0,0.0,0.0,0.0,0.0,0.0,0.0,0.0,0.0,0.0,0.0,0.0,0.0
0.6819264575012978,0.2506976844351754,11.0,0.77,0.85,0.99,7126.0,0.8874959418038593,0.8315447620404159,0.454488846611872,0.2507565320707304,0.10644823236446158,0.0930355923770052,0.0,0.0,0.0,0.0,0.0,0.0,0.0,0.0,0.0,0.0,0.0,0.0,0.0,0.0,0.0,0.0,0.0,0.0,0.0,0.0
0.6819264575012978,0.2506976844351754,11.0,0.77,0.85,0.99,7126.0,0.7612355238568079,0.6161272878115084,0.44633092178634515,0.4901676812529656,0.37410473994194166,0.1374640139799976,0.03947456313369046,0.03774615893419226,0.0,0.0,0.0,0.0,0.0,0.0,0.0,0.0,0.0,0.0,0.0,0.0,0.0,0.0,0.0,0.0,0.0,0.0
0.6819264575012978,0.2506976844351754,11.0,0.77,0.85,0.99,7126.0,0.4956512733765652,0.4191515987659871,0.12593973878483994,0.08638440968581673,0.12565706325432074,-8.534356175359527e-17,-7.982830867886532e-17,0.3271790408848931,0.2278278954885815,0.03752763749833275,0.0,0.0,0.0,0.0,0.0,0.0,0.0,0.0,0.0,0.0,0.0,0.0,0.0,0.0,0.0,0.0
0.6819264575012978,0.2506976844351754,11.0,0.77,0.85,0.99,7126.0,0.5868562203461252,0.6131874322743842,0.7196180589351094,0.5473881839965126,0.261012458254699,0.3568783111703319,0.0,0.0,0.0,0.0,0.0,0.0,0.0,0.0,0.0,0.0,0.0,0.0,0.0,0.0,0.0,0.0,0.0,0.0,0.0,0.0
0.6819264575012978,0.2506976844351754,11.0,0.77,0.85,0.99,7126.0,0.42999788913304277,0.4416328226812006,0.5744460006247863,0.04408154355814835,0.042879281319068416,0.0,0.0,0.0,0.0,0.0,0.0,0.0,0.0,0.0,0.0,0.0,0.0,0.0,0.0,0.0,0.0,0.0,0.0,0.0,0.0,0.0
0.6819264575012978,0.2506976844351754,11.0,0.77,0.85,0.99,7126.0,0.6914520719410775,0.4978822226622799,0.2821121409993434,0.4605499520577222,0.7760516552374348,0.0,0.0,0.0,0.0,0.0,0.0,0.0,0.0,0.0,0.0,0.0,0.0,0.0,0.0,0.0,0.0,0.0,0.0,0.0,0.0,0.0
0.6819264575012978,0.2506976844351754,11.0,0.82,0.84,0.98,7126.0,0.6820073379732987,0.521305583361405,0.4763553342673441,0.13658725196793564,0.12217539119767155,0.19392996647922414,0.22554933218481077,0.0,0.0,0.0,0.0,0.0,0.0,0.0,0.0,0.0,0.0,0.0,0.0,0.0,0.0,0.0,0.0,0.0,0.0,0.0
0.6819264575012978,0.2506976844351754,11.0,0.82,0.84,0.98,7126.0,0.804243537249997,0.7206424078652719,0.645561998722286,0.2907852674976477,0.11783147624574423,0.0,0.0,0.0,0.0,0.0,0.0,0.0,0.0,0.0,0.0,0.0,0.0,0.0,0.0,0.0,0.0,0.0,0.0,0.0,0.0,0.0
0.6819264575012978,0.2506976844351754,11.0,0.82,0.84,0.98,7126.0,0.3689649728410514,0.36611480741425645,0.3877672747360392,0.3455590165062364,0.3297437661789408,0.0,0.0,0.0,0.0,0.0,0.0,0.0,0.0,0.0,0.0,0.0,0.0,0.0,0.0,0.0,0.0,0.0,0.0,0.0,0.0,0.0
0.6819264575012978,0.2506976844351754,11.0,0.82,0.84,0.98,7126.0,1.0036494410590817,0.6850155704654284,0.5584626268948804,0.6055412203552928,0.2785281191093544,0.30582604163353894,0.11639037360404514,0.09856339203862921,0.09769128300662608,0.0,0.0,0.0,0.0,0.0,0.0,0.0,0.0,0.0,0.0,0.0,0.0,0.0,0.0,0.0,0.0,0.0
0.6819264575012978,0.2506976844351754,11.0,0.82,0.84,0.98,7126.0,0.32527415586944,0.33502627732489854,0.10910805915241886,0.12211832105140029,0.14126375624350676,0.0,0.0,0.0,0.0,0.0,0.0,0.0,0.0,0.0,0.0,0.0,0.0,0.0,0.0,0.0,0.0,0.0,0.0,0.0,0.0,0.0
0.6819264575012978,0.2506976844351754,11.0,0.82,0.84,0.98,7126.0,0.4036930538453929,0.16853161092860833,0.47499425144072854,0.18492135501543688,0.0793291369872845,0.0,0.0,0.0,0.0,0.0,0.0,0.0,0.0,0.0,0.0,0.0,0.0,0.0,0.0,0.0,0.0,0.0,0.0,0.0,0.0,0.0
0.6819264575012978,0.2506976844351754,11.0,0.82,0.84,0.98,7126.0,0.7952483165501277,0.5198206608832844,0.4779950174932558,0.1399554552304001,0.03998924229781105,0.038855588384467274,8.55029686758513e-16,0.5058966522588735,0.6024545618757469,0.494990572001622,0.11051852470811747,0.1470405041786638,0.0,0.0,0.0,0.0,0.0,0.0,0.0,0.0,0.0,0.0,0.0,0.0,0.0,0.0
0.6819264575012978,0.2506976844351754,11.0,0.82,0.84,0.98,7126.0,1.022048230088446,1.019230368389371,0.9510013616754025,0.3723604111960773,0.0,0.0,0.0,0.0,0.0,0.0,0.0,0.0,0.0,0.0,0.0,0.0,0.0,0.0,0.0,0.0,0.0,0.0,0.0,0.0,0.0,0.0
0.6819264575012978,0.2506976844351754,11.0,0.82,0.84,0.98,7126.0,0.7869494527212317,0.7261967207519945,0.6849721573548299,0.13445310438086688,0.04368699387680258,0.0,0.0,0.0,0.0,0.0,0.0,0.0,0.0,0.0,0.0,0.0,0.0,0.0,0.0,0.0,0.0,0.0,0.0,0.0,0.0,0.0
0.6819264575012978,0.2506976844351754,11.0,0.82,0.84,0.98,7126.0,0.7033577700363224,0.6018036720526195,0.4430272883251618,0.12893067413065568,1.1604220490431347,0.020007368305633585,0.27294593537408934,0.26855330573872005,0.0,0.0,0.0,0.0,0.0,0.0,0.0,0.0,0.0,0.0,0.0,0.0,0.0,0.0,0.0,0.0,0.0,0.0
0.6819264575012978,0.2506976844351754,11.0,0.76,0.85,0.94,7126.0,0.9016886308753747,0.6021264708967338,0.38448629893483566,0.6893391571817052,0.6135670865956027,0.07933951623956115,0.1251942539106544,0.04042840981410836,0.0,0.0,0.0,0.0,0.0,0.0,0.0,0.0,0.0,0.0,0.0,0.0,0.0,0.0,0.0,0.0,0.0,0.0
0.6819264575012978,0.2506976844351754,11.0,0.76,0.85,0.94,7126.0,0.601591221409511,0.5467555796213066,0.2778235337726971,0.3570078896064709,0.4680962878188387,0.0,0.0,0.0,0.0,0.0,0.0,0.0,0.0,0.0,0.0,0.0,0.0,0.0,0.0,0.0,0.0,0.0,0.0,0.0,0.0,0.0
0.6819264575012978,0.2506976844351754,11.0,0.76,0.85,0.94,7126.0,0.4034910300256285,0.43216900875427633,0.3638099541095271,0.28749527355786403,0.16375385474461526,0.0,0.0,0.0,0.0,0.0,0.0,0.0,0.0,0.0,0.0,0.0,0.0,0.0,0.0,0.0,0.0,0.0,0.0,0.0,0.0,0.0
0.6819264575012978,0.2506976844351754,11.0,0.76,0.85,0.94,7126.0,0.677709447144514,0.407489590085522,0.3183652088082244,0.19439309394099027,0.23852370366605802,0.0,0.0,0.0,0.0,0.0,0.0,0.0,0.0,0.0,0.0,0.0,0.0,0.0,0.0,0.0,0.0,0.0,0.0,0.0,0.0,0.0
0.6819264575012978,0.2506976844351754,11.0,0.76,0.85,0.94,7126.0,0.9428704791817112,0.5883909956990342,0.5252832311638227,1.4484613370009185,0.9141442681162915,0.8819858861878719,0.0,0.0,0.0,0.0,0.0,0.0,0.0,0.0,0.0,0.0,0.0,0.0,0.0,0.0,0.0,0.0,0.0,0.0,0.0,0.0
0.6819264575012978,0.2506976844351754,11.0,0.76,0.85,0.94,7126.0,0.8212923857797907,0.8850195305654313,0.2725699430945914,0.3801362415133401,0.06189409718048688,0.05584114180850012,0.05171457948625547,0.07635149192204166,0.0,0.0,0.0,0.0,0.0,0.0,0.0,0.0,0.0,0.0,0.0,0.0,0.0,0.0,0.0,0.0,0.0,0.0
0.6819264575012978,0.2506976844351754,11.0,0.76,0.85,0.94,7126.0,0.4979924486584087,0.2677568219436942,0.38630036462704975,0.6544779686870247,0.0,0.0,0.0,0.0,0.0,0.0,0.0,0.0,0.0,0.0,0.0,0.0,0.0,0.0,0.0,0.0,0.0,0.0,0.0,0.0,0.0,0.0
0.6819264575012978,0.2506976844351754,11.0,0.76,0.85,0.94,7126.0,0.569868256193952,0.2823828930841067,0.08161257740804696,0.1333317933871951,0.19297509915386338,0.0694841883859038,1.0670869979992341,0.8535584114344973,0.038827873097501936,0.0,0.0,0.0,0.0,0.0,0.0,0.0,0.0,0.0,0.0,0.0,0.0,0.0,0.0,0.0,0.0,0.0
0.6819264575012978,0.2506976844351754,11.0,0.76,0.85,0.94,7126.0,0.9027271909065504,0.6486088516670105,0.4014250590666311,0.48610790703971807,0.07639242978234094,8.012779146335787e-16,0.08756508344525,0.0,0.0,0.0,0.0,0.0,0.0,0.0,0.0,0.0,0.0,0.0,0.0,0.0,0.0,0.0,0.0,0.0,0.0,0.0
0.6819264575012978,0.2506976844351754,11.0,0.76,0.85,0.94,7126.0,0.42167335271541384,0.46155611111581046,0.21014866376277752,0.2627212631971232,0.28156708402009173,0.14783660365716725,0.041191444468863976,0.04050992132187176,0.04001957436420798,0.0,0.0,0.0,0.0,0.0,0.0,0.0,0.0,0.0,0.0,0.0,0.0,0.0,0.0,0.0,0.0,0.0
0.6819264575012978,0.2506976844351754,11.0,0.69,0.8,0.83,7126.0,0.7773917638303662,0.7977140990849743,0.6905395543996165,0.43083027376524746,0.08567374325906683,0.15254390432677117,0.15073854285856028,0.1488101195882587,0.0,0.0,0.0,0.0,0.0,0.0,0.0,0.0,0.0,0.0,0.0,0.0,0.0,0.0,0.0,0.0,0.0,0.0
0.6819264575012978,0.2506976844351754,11.0,0.69,0.8,0.83,7126.0,0.4183982937458184,0.4380876834400765,0.27735423899812683,0.17956158599681027,0.0,0.0,0.0,0.0,0.0,0.0,0.0,0.0,0.0,0.0,0.0,0.0,0.0,0.0,0.0,0.0,0.0,0.0,0.0,0.0,0.0,0.0
0.6819264575012978,0.2506976844351754,11.0,0.69,0.8,0.83,7126.0,0.7095029206997565,0.4649396516887536,0.34445032750102866,0.4779970250449444,0.6309524337331015,0.6102504812352704,0.13259719592229444,-1.2299273968058504e-16,2.153786158637652,0.08536920501841874,0.08523580099139458,0.0,0.0,0.0,0.0,0.0,0.0,0.0,0.0,0.0,0.0,0.0,0.0,0.0,0.0,0.0
0.6819264575012978,0.2506976844351754,11.0,0.69,0.8,0.83,7126.0,0.6107100327844476,0.5927116431670634,0.717859530863287,0.13547927614382851,0.11923580392086747,0.0,0.0,0.0,0.0,0.0,0.0,0.0,0.0,0.0,0.0,0.0,0.0,0.0,0.0,0.0,0.0,0.0,0.0,0.0,0.0,0.0
0.6819264575012978,0.2506976844351754,11.0,0.69,0.8,0.83,7126.0,0.95636152927439,0.5655796693457499,0.5111330883896084,0.6265430433570142,0.25822202461651483,0.06931132475461009,5.732184320475111e-16,0.044009684657024005,0.0,0.0,0.0,0.0,0.0,0.0,0.0,0.0,0.0,0.0,0.0,0.0,0.0,0.0,0.0,0.0,0.0,0.0
0.6819264575012978,0.2506976844351754,11.0,0.69,0.8,0.83,7126.0,1.400080064366778,0.8705709457181651,0.9056979237774588,0.8094103737463724,0.8031963331498113,0.6186932832090354,0.21087879037987542,0.05826782047144326,0.0833852702855839,0.08372601711883217,-1.1231542257140565e-15,-1.1212699525328235e-15,-1.1200452189917101e-15,0.1507421610773356,0.8405318844548221,0.17457871960700366,0.17622339978223256,0.0,0.0,0.0,0.0,0.0,0.0,0.0,0.0,0.0
0.6819264575012978,0.2506976844351754,11.0,0.69,0.8,0.83,7126.0,0.9312383719099753,0.952928357793991,0.834106908074809,0.6618093276120007,0.8622562794151959,1.525226991504678,1.0183683128160583,0.08660567828464825,0.0,0.0,0.0,0.0,0.0,0.0,0.0,0.0,0.0,0.0,0.0,0.0,0.0,0.0,0.0,0.0,0.0,0.0
0.6819264575012978,0.2506976844351754,11.0,0.69,0.8,0.83,7126.0,0.8031585650874091,0.5680519379116158,0.20683485265490925,0.29443666234914984,0.34086977853897044,0.440533474081455,-6.95295582542812e-16,-6.771282213667547e-16,0.042807610818508486,0.042594180589808676,0.0,0.0,0.0,0.0,0.0,0.0,0.0,0.0,0.0,0.0,0.0,0.0,0.0,0.0,0.0,0.0
0.6819264575012978,0.2506976844351754,11.0,0.69,0.8,0.83,7126.0,0.5415845751438764,0.6126771033784464,0.7747188561566236,0.43380743717148534,0.09234754219946915,0.089298592792484,0.08749389758753466,0.0,0.0,0.0,0.0,0.0,0.0,0.0,0.0,0.0,0.0,0.0,0.0,0.0,0.0,0.0,0.0,0.0,0.0,0.0
0.6819264575012978,0.2506976844351754,11.0,0.69,0.8,0.83,7126.0,0.8182696895093795,0.7480633122943063,0.4637566463583891,0.16763249674636574,0.050099768998231965,0.0,0.0,0.0,0.0,0.0,0.0,0.0,0.0,0.0,0.0,0.0,0.0,0.0,0.0,0.0,0.0,0.0,0.0,0.0,0.0,0.0
0.6819264575012978,0.2506976844351754,11.0,0.71,0.77,0.91,7126.0,0.8083745936115043,0.6282187027514563,0.1844876738059893,0.09583937460133878,0.0,0.0,0.0,0.0,0.0,0.0,0.0,0.0,0.0,0.0,0.0,0.0,0.0,0.0,0.0,0.0,0.0,0.0,0.0,0.0,0.0,0.0
0.6819264575012978,0.2506976844351754,11.0,0.71,0.77,0.91,7126.0,0.8182110487330035,0.5677145212285551,0.12319070583357837,0.12041826862003575,0.13190566624192182,0.25459385960725617,0.0,0.0,0.0,0.0,0.0,0.0,0.0,0.0,0.0,0.0,0.0,0.0,0.0,0.0,0.0,0.0,0.0,0.0,0.0,0.0
0.6819264575012978,0.2506976844351754,11.0,0.71,0.77,0.91,7126.0,0.8507967285729413,0.6935852069992422,0.6093945390142756,0.4378880886295546,0.7445160892046389,0.5732777037897059,0.6412413258699964,0.39343711799187026,0.29924869434424994,0.6506880979467726,0.7063682671985615,0.0,0.0,0.0,0.0,0.0,0.0,0.0,0.0,0.0,0.0,0.0,0.0,0.0,0.0,0.0
0.6819264575012978,0.2506976844351754,11.0,0.71,0.77,0.91,7126.0,1.0157011182693818,0.4637775309496274,0.26638698294075114,0.4595232346389168,0.441561598734309,0.0,0.0,0.0,0.0,0.0,0.0,0.0,0.0,0.0,0.0,0.0,0.0,0.0,0.0,0.0,0.0,0.0,0.0,0.0,0.0,0.0
0.6819264575012978,0.2506976844351754,11.0,0.71,0.77,0.91,7126.0,0.8649815502504865,0.463682633402928,0.18562687917336484,0.42436468072245703,0.391759552465406,0.27871208952832177,0.12113676902836443,-5.3411213013328744e-17,0.1275890481081908,0.0,0.0,0.0,0.0,0.0,0.0,0.0,0.0,0.0,0.0,0.0,0.0,0.0,0.0,0.0,0.0,0.0
0.6819264575012978,0.2506976844351754,11.0,0.71,0.77,0.91,7126.0,0.6623558499947744,0.5830893473629332,0.3722964460324149,0.3846324799549215,0.19246458530995245,0.3282668190440315,0.20573899843257906,0.0,0.0,0.0,0.0,0.0,0.0,0.0,0.0,0.0,0.0,0.0,0.0,0.0,0.0,0.0,0.0,0.0,0.0,0.0
0.6819264575012978,0.2506976844351754,11.0,0.71,0.77,0.91,7126.0,0.5167636548870272,0.42327711467451995,0.27748261846888667,0.15141567772542217,0.13531909360150793,0.13260905914576096,0.1301203289763136,0.1281680752610675,0.0,0.0,0.0,0.0,0.0,0.0,0.0,0.0,0.0,0.0,0.0,0.0,0.0,0.0,0.0,0.0,0.0,0.0
0.6819264575012978,0.2506976844351754,11.0,0.71,0.77,0.91,7126.0,0.7663208924108297,0.35474557959662556,0.27796432046513275,0.6027788697488772,0.5697440930974503,0.44585147991029295,0.7326165449480034,0.2767935194493179,0.0,0.0,0.0,0.0,0.0,0.0,0.0,0.0,0.0,0.0,0.0,0.0,0.0,0.0,0.0,0.0,0.0,0.0
0.6819264575012978,0.2506976844351754,11.0,0.71,0.77,0.91,7126.0,0.9684204225158225,0.9521655365517976,0.40936491901020144,0.14645636059676992,0.1397088699618447,0.156578315109055,0.10102307658056635,0.5862786222757382,0.4786507924015353,0.2450095797180167,0.24187659456568159,0.12003834161062772,4.7438647243287e-16,4.702579048077769e-16,0.20283606460868406,0.20414156642307066,0.0,0.0,0.0,0.0,0.0,0.0,0.0,0.0,0.0,0.0
0.6819264575012978,0.2506976844351754,11.0,0.71,0.77,0.91,7126.0,0.5543245247914845,0.5073207933462269,0.247254236397316,0.14171954734378717,0.13591143915927648,0.08737737050017295,0.15790313762174674,0.1930062075860727,0.2042809023099018,0.08070312841014435,0.08029330044665259,0.0,0.0,0.0,0.0,0.0,0.0,0.0,0.0,0.0,0.0,0.0,0.0,0.0,0.0,0.0
0.6819264575012978,0.2506976844351754,11.0,0.73,0.92,0.98,7126.0,0.477262203261227,0.36540695817285856,0.5905384929508919,0.5527579893371506,0.40411543906248854,0.21935289734757543,0.6893798973649101,0.0,0.0,0.0,0.0,0.0,0.0,0.0,0.0,0.0,0.0,0.0,0.0,0.0,0.0,0.0,0.0,0.0,0.0,0.0
0.6819264575012978,0.2506976844351754,11.0,0.73,0.92,0.98,7126.0,0.41218830904445,0.3072518513783946,0.24086551443987325,0.17614586515048788,0.0,0.0,0.0,0.0,0.0,0.0,0.0,0.0,0.0,0.0,0.0,0.0,0.0,0.0,0.0,0.0,0.0,0.0,0.0,0.0,0.0,0.0
0.6819264575012978,0.2506976844351754,11.0,0.73,0.92,0.98,7126.0,0.7252008659278181,0.5541620178983317,0.38203988185413434,0.22946938062788946,0.06551776039165655,0.0,0.0,0.0,0.0,0.0,0.0,0.0,0.0,0.0,0.0,0.0,0.0,0.0,0.0,0.0,0.0,0.0,0.0,0.0,0.0,0.0
0.6819264575012978,0.2506976844351754,11.0,0.73,0.92,0.98,7126.0,0.4467828751991296,0.35552894192588114,0.2629071372169132,0.14962015116216784,0.24063681792782413,0.0,0.0,0.0,0.0,0.0,0.0,0.0,0.0,0.0,0.0,0.0,0.0,0.0,0.0,0.0,0.0,0.0,0.0,0.0,0.0,0.0
0.6819264575012978,0.2506976844351754,11.0,0.73,0.92,0.98,7126.0,0.6337477024790709,0.5131199857013352,0.32352127694324456,0.07282168013645096,4.601182472419878e-18,0.352812394050907,0.2757818958872741,0.42479608910719724,0.0,0.0,0.0,0.0,0.0,0.0,0.0,0.0,0.0,0.0,0.0,0.0,0.0,0.0,0.0,0.0,0.0,0.0
0.6819264575012978,0.2506976844351754,11.0,0.73,0.92,0.98,7126.0,1.1294275917685717,0.5204446191944746,0.41564481038795265,0.08246770464956552,-5.884825952156304e-17,0.37817361023066215,0.10107926941898307,0.078209959187966,0.0,0.0,0.0,0.0,0.0,0.0,0.0,0.0,0.0,0.0,0.0,0.0,0.0,0.0,0.0,0.0,0.0,0.0
0.6819264575012978,0.2506976844351754,11.0,0.73,0.92,0.98,7126.0,0.5516149473289886,0.5346438516535643,0.2311812607120593,0.24824732578138287,0.10504269049686496,0.10065626801503252,0.15644626093964198,0.0,0.0,0.0,0.0,0.0,0.0,0.0,0.0,0.0,0.0,0.0,0.0,0.0,0.0,0.0,0.0,0.0,0.0,0.0
0.6819264575012978,0.2506976844351754,11.0,0.73,0.92,0.98,7126.0,0.6775633893599428,0.5493595390217954,0.7506755515173525,0.07060262401286768,0.07346297158083855,0.14049005061442674,0.19453307282345597,0.0,0.0,0.0,0.0,0.0,0.0,0.0,0.0,0.0,0.0,0.0,0.0,0.0,0.0,0.0,0.0,0.0,0.0,0.0
0.6819264575012978,0.2506976844351754,11.0,0.73,0.92,0.98,7126.0,0.8820604938475491,0.562445290585323,0.2025224218274981,0.06497261321653283,0.12517918195745847,0.0,0.0,0.0,0.0,0.0,0.0,0.0,0.0,0.0,0.0,0.0,0.0,0.0,0.0,0.0,0.0,0.0,0.0,0.0,0.0,0.0
0.6819264575012978,0.2506976844351754,11.0,0.73,0.92,0.98,7126.0,0.33393079937851505,0.30930660644908076,0.2783313847739077,0.2837325510715337,0.19386082009228728,0.0,0.0,0.0,0.0,0.0,0.0,0.0,0.0,0.0,0.0,0.0,0.0,0.0,0.0,0.0,0.0,0.0,0.0,0.0,0.0,0.0
0.6819264575012978,0.2506976844351754,11.0,0.66,0.91,0.92,7126.0,0.5352854112327927,0.557241978206536,0.4282864886276848,1.0114244154092331,0.0,0.0,0.0,0.0,0.0,0.0,0.0,0.0,0.0,0.0,0.0,0.0,0.0,0.0,0.0,0.0,0.0,0.0,0.0,0.0,0.0,0.0
0.6819264575012978,0.2506976844351754,11.0,0.66,0.91,0.92,7126.0,0.7276932432550471,0.5585540814303377,0.5519954679493574,0.40430726742769585,0.27504423293314484,0.26871912130464654,0.26426233530162835,0.0,0.0,0.0,0.0,0.0,0.0,0.0,0.0,0.0,0.0,0.0,0.0,0.0,0.0,0.0,0.0,0.0,0.0,0.0
0.6819264575012978,0.2506976844351754,11.0,0.66,0.91,0.92,7126.0,0.49845603424210244,0.5424569663550602,0.3469725535232176,0.26997273756783396,0.0,0.0,0.0,0.0,0.0,0.0,0.0,0.0,0.0,0.0,0.0,0.0,0.0,0.0,0.0,0.0,0.0,0.0,0.0,0.0,0.0,0.0
0.6819264575012978,0.2506976844351754,11.0,0.66,0.91,0.92,7126.0,0.622648242686132,0.9684589016753115,0.9752391884502026,0.7131374706919258,0.7705581783997949,0.3932609419731966,0.14363074334200207,0.0,0.0,0.0,0.0,0.0,0.0,0.0,0.0,0.0,0.0,0.0,0.0,0.0,0.0,0.0,0.0,0.0,0.0,0.0
0.6819264575012978,0.2506976844351754,11.0,0.66,0.91,0.92,7126.0,1.3834595103410605,0.8380076726783684,0.6923243605158554,0.3204157826400097,0.09458924433165412,0.048667136343415046,0.5148482144370373,0.11354078904900738,0.10114335878257529,0.057222245304812056,0.04447439197854645,0.04484091929472939,0.0,0.0,0.0,0.0,0.0,0.0,0.0,0.0,0.0,0.0,0.0,0.0,0.0,0.0
0.6819264575012978,0.2506976844351754,11.0,0.66,0.91,0.92,7126.0,0.7411880098754913,0.8374495519411543,0.5755475607791523,0.41482622666818647,0.2201738670753505,0.2903497498454113,0.14662714326293924,0.13268564523873566,0.6457844476568207,0.639147183131629,0.6423300890428468,0.6473064220948178,0.05863993822132341,0.0,0.0,0.0,0.0,0.0,0.0,0.0,0.0,0.0,0.0,0.0,0.0,0.0
0.6819264575012978,0.2506976844351754,11.0,0.66,0.91,0.92,7126.0,0.7689256313052415,0.8792415975504316,1.1465438767395593,1.818092378429352,0.0,0.0,0.0,0.0,0.0,0.0,0.0,0.0,0.0,0.0,0.0,0.0,0.0,0.0,0.0,0.0,0.0,0.0,0.0,0.0,0.0,0.0
0.6819264575012978,0.2506976844351754,11.0,0.66,0.91,0.92,7126.0,0.361110243507114,0.49663447541246963,0.29794548626257894,0.07785855826119485,0.060148866068246966,0.06523007017577495,0.041869991044785816,0.0,0.0,0.0,0.0,0.0,0.0,0.0,0.0,0.0,0.0,0.0,0.0,0.0,0.0,0.0,0.0,0.0,0.0,0.0
0.6819264575012978,0.2506976844351754,11.0,0.66,0.91,0.92,7126.0,0.5903751294817748,0.6507208281034871,0.6660460373505445,0.5747126977782513,0.5909340993364717,0.12188748726592626,0.11808374587697869,0.11630797176665185,0.0,0.0,0.0,0.0,0.0,0.0,0.0,0.0,0.0,0.0,0.0,0.0,0.0,0.0,0.0,0.0,0.0,0.0
0.6819264575012978,0.2506976844351754,11.0,0.66,0.91,0.92,7126.0,0.5902164720033751,0.3827134974073575,0.3534741773604166,0.3931196829001837,0.04384389238318916,0.04162328074072321,0.04050024807984739,0.0,0.0,0.0,0.0,0.0,0.0,0.0,0.0,0.0,0.0,0.0,0.0,0.0,0.0,0.0,0.0,0.0,0.0,0.0
