inf_prob,diag_prob,i0,vaccine_efficacy1,vaccine_efficacy2,infection_efficacy,first_outbreak_size,0,1,2,3,4,5,6,7,8,9,10,11,12,13,14,15,16,17,18,19,20,21,22,23,24,25
0.6948396273384906,0.2329594136202077,15.0,0.69,0.75,0.94,7878.0,0.8175639425062065,0.46554787946137827,0.5023247650662577,0.2146436343040333,0.2839329570677271,0.1364623616300069,0.13216238426814464,0.12938586623449003,0.0,0.0,0.0,0.0,0.0,0.0,0.0,0.0,0.0,0.0,0.0,0.0,0.0,0.0,0.0,0.0,0.0,0.0
0.6948396273384906,0.2329594136202077,15.0,0.69,0.75,0.94,7878.0,0.8492154811604868,0.7728909679693069,0.32122665911593,0.3562840253050156,0.12409280637846581,0.5295537297029477,0.7887307130667676,0.2679259808675784,0.21667434355558055,4.33493773861441e-16,0.06285016651656089,0.5958780729913927,0.7846216911888343,0.08214699141241193,0.08182920981155803,0.08204622080468488,0.0,0.0,0.0,0.0,0.0,0.0,0.0,0.0,0.0,0.0
0.6948396273384906,0.2329594136202077,15.0,0.69,0.75,0.94,7878.0,1.0027535866820037,0.641767740681552,0.41447961569306513,0.5837828737954006,0.64810400246947,0.7331566511060172,0.6440236190963814,0.14240614260261744,0.0,0.0,0.0,0.0,0.0,0.0,0.0,0.0,0.0,0.0,0.0,0.0,0.0,0.0,0.0,0.0,0.0,0.0
0.6948396273384906,0.2329594136202077,15.0,0.69,0.75,0.94,7878.0,0.46972152152699354,0.4144277606894365,0.3980633931018433,0.4870185413106169,0.0,0.0,0.0,0.0,0.0,0.0,0.0,0.0,0.0,0.0,0.0,0.0,0.0,0.0,0.0,0.0,0.0,0.0,0.0,0.0,0.0,0.0
0.6948396273384906,0.2329594136202077,15.0,0.69,0.75,0.94,7878.0,0.6206846591366852,0.5122685387511207,0.288761921144235,0.04967503542337888,0.048772123574833126,0.047910861085804966,0.0,0.0,0.0,0.0,0.0,0.0,0.0,0.0,0.0,0.0,0.0,0.0,0.0,0.0,0.0,0.0,0.0,0.0,0.0,0.0
0.6948396273384906,0.2329594136202077,15.0,0.69,0.75,0.94,7878.0,0.8527968298681574,0.7293611792216863,0.4287819467040056,0.6136331983384189,0.8062394895378937,0.14341069700271766,0.1583777584936567,0.04561636888241965,0.08986805342878983,0.08822346183170979,0.0,0.0,0.0,0.0,0.0,0.0,0.0,0.0,0.0,0.0,0.0,0.0,0.0,0.0,0.0,0.0
0.6948396273384906,0.2329594136202077,15.0,0.69,0.75,0.94,7878.0,1.028201086293137,0.9898462032851907,0.8065868292177503,0.2597535902364319,0.10336560273642385,0.08719050542620661,0.8968859580458487,0.46813441653981797,0.3820415264076966,0.38342919466168834,0.4003914234232858,0.06435428887912939,0.12795380723630903,0.12726620283927642,0.0,0.0,0.0,0.0,0.0,0.0,0.0,0.0,0.0,0.0,0.0,0.0
0.6948396273384906,0.2329594136202077,15.0,0.69,0.75,0.94,7878.0,0.6835427460479514,0.5457104387021282,0.39508983551314114,0.36809132099721,0.047438013185335984,0.04577499600952387,0.0,0.0,0.0,0.0,0.0,0.0,0.0,0.0,0.0,0.0,0.0,0.0,0.0,0.0,0.0,0.0,0.0,0.0,0.0,0.0
0.6948396273384906,0.2329594136202077,15.0,0.69,0.75,0.94,7878.0,0.6378842706782748,0.721952127037133,0.5289290740962945,0.4440821076654312,0.4023793012093577,0.5952978183946922,0.12629862166874328,0.12415632516380931,0.12337424025249479,0.0,0.0,0.0,0.0,0.0,0.0,0.0,0.0,0.0,0.0,0.0,0.0,0.0,0.0,0.0,0.0,0.0
0.6948396273384906,0.2329594136202077,15.0,0.69,0.75,0.94,7878.0,0.6346398343645039,0.5599479543986999,0.42529016417482574,0.5781420901226064,0.20816000054120254,0.20692770285076148,0.0,0.0,0.0,0.0,0.0,0.0,0.0,0.0,0.0,0.0,0.0,0.0,0.0,0.0,0.0,0.0,0.0,0.0,0.0,0.0
0.6948396273384906,0.2329594136202077,15.0,0.74,0.75,0.86,7878.0,0.6399479568232908,0.6674102883345436,0.31182193938082065,0.3345786992621637,0.18153362719793428,0.304355137509893,0.0,0.0,0.0,0.0,0.0,0.0,0.0,0.0,0.0,0.0,0.0,0.0,0.0,0.0,0.0,0.0,0.0,0.0,0.0,0.0
0.6948396273384906,0.2329594136202077,15.0,0.74,0.75,0.86,7878.0,0.577903617935874,0.6069601298578647,0.46809117731874894,0.2575557251850686,0.07454686141118946,0.048053922487984006,0.0,0.0,0.0,0.0,0.0,0.0,0.0,0.0,0.0,0.0,0.0,0.0,0.0,0.0,0.0,0.0,0.0,0.0,0.0,0.0
0.6948396273384906,0.2329594136202077,15.0,0.74,0.75,0.86,7878.0,0.8383042821486452,0.7741676678183168,0.6106147915597442,0.5275551518019864,0.5170844516169829,0.5139272371532893,0.4911192396672053,0.5482345761722904,0.6269422240745643,0.05840418228209155,0.0,0.0,0.0,0.0,0.0,0.0,0.0,0.0,0.0,0.0,0.0,0.0,0.0,0.0,0.0,0.0
0.6948396273384906,0.2329594136202077,15.0,0.74,0.75,0.86,7878.0,0.9113542822128337,0.7949733875358045,0.6713574925467486,0.34670443907508197,0.1575844122507051,0.2041689806694793,0.0,0.0,0.0,0.0,0.0,0.0,0.0,0.0,0.0,0.0,0.0,0.0,0.0,0.0,0.0,0.0,0.0,0.0,0.0,0.0
0.6948396273384906,0.2329594136202077,15.0,0.74,0.75,0.86,7878.0,0.57054502001958,0.5524798007484336,0.7213111969747426,0.6434602968102956,0.7798883350386397,0.3238394929993624,0.32056253768078535,0.3187420444552935,0.0,0.0,0.0,0.0,0.0,0.0,0.0,0.0,0.0,0.0,0.0,0.0,0.0,0.0,0.0,0.0,0.0,0.0
0.6948396273384906,0.2329594136202077,15.0,0.74,0.75,0.86,7878.0,0.5670496158766353,0.4289482939053755,0.3143752731605928,0.30647723984043207,0.0347275544423987,2.232986504383311e-16,2.2442605129112657e-16,0.3930668091136912,0.0,0.0,0.0,0.0,0.0,0.0,0.0,0.0,0.0,0.0,0.0,0.0,0.0,0.0,0.0,0.0,0.0,0.0
0.6948396273384906,0.2329594136202077,15.0,0.74,0.75,0.86,7878.0,0.6109035681198011,0.5022993853438459,0.39697790032893665,0.2773424285691259,0.5142857512807414,0.12249555337701125,0.31230534346237787,0.15377638353485876,0.06986471925016442,0.06898754825590743,0.04537696698586191,0.04503982181100971,0.0,0.0,0.0,0.0,0.0,0.0,0.0,0.0,0.0,0.0,0.0,0.0,0.0,0.0
0.6948396273384906,0.2329594136202077,15.0,0.74,0.75,0.86,7878.0,0.8046650405947682,0.5302256976968075,0.4872132986013498,0.17776220667748824,0.4742028089728932,0.6784791185004253,-1.0639083631548826e-16,0.051193149804364645,0.06769006539856924,0.07531948836765946,0.024854476050461746,0.024660589442713862,0.42303414329514305,0.28421324202604603,0.2300900555816105,0.031533477163948186,-3.779571165256886e-17,0.1394103470051188,0.023047644306863506,2.111288640202304,0.8696139021137155,0.8688100369527048,0.8664778447045659,2.555528468675806,1.2772586307266778,0.022751863770614434
0.6948396273384906,0.2329594136202077,15.0,0.74,0.75,0.86,7878.0,0.669230795076007,0.5065567275095894,0.6515088834456237,0.25098333137650713,0.6846648441597328,0.8335001775938579,0.810424011512992,0.0932494336039941,0.04588935877121641,0.0,0.0,0.0,0.0,0.0,0.0,0.0,0.0,0.0,0.0,0.0,0.0,0.0,0.0,0.0,0.0,0.0
0.6948396273384906,0.2329594136202077,15.0,0.74,0.75,0.86,7878.0,0.6438666640381897,0.4995574529667407,0.3778488122622371,0.5332107394707796,0.21424676630087772,0.19718873886370772,0.2635690725454486,0.04700287998493524,0.046074979303751505,0.0,0.0,0.0,0.0,0.0,0.0,0.0,0.0,0.0,0.0,0.0,0.0,0.0,0.0,0.0,0.0,0.0
0.6948396273384906,0.2329594136202077,15.0,0.75,0.83,0.87,7878.0,0.43847499949973634,0.402145205041872,0.3404596005431221,0.13688830520946044,0.47950685869772974,0.791443963001487,0.0,0.0,0.0,0.0,0.0,0.0,0.0,0.0,0.0,0.0,0.0,0.0,0.0,0.0,0.0,0.0,0.0,0.0,0.0,0.0
0.6948396273384906,0.2329594136202077,15.0,0.75,0.83,0.87,7878.0,0.906839533353352,0.7617416070574763,0.6476926891591355,0.6867405567357063,0.43175285143944303,0.527838515721214,0.34853814222987356,0.48046790897060704,0.26674232465182846,0.11860987586068979,0.09707198944345573,0.0635749334833569,1.3861009500528099,0.057617686857503396,0.2508240137755136,0.23747106635595985,0.38917522389780973,0.4909456168084704,0.0,0.0,0.0,0.0,0.0,0.0,0.0,0.0
0.6948396273384906,0.2329594136202077,15.0,0.75,0.83,0.87,7878.0,0.7565409938899532,0.47713418405537755,0.8463979368099971,0.6577898646002651,0.5682849982915684,0.4472767718315578,0.3806066407703692,0.09660434320251748,0.04219409241917973,-2.3518588201151364e-15,0.12462787325152867,0.12481244337841896,0.1254422770955467,0.0,0.0,0.0,0.0,0.0,0.0,0.0,0.0,0.0,0.0,0.0,0.0,0.0
0.6948396273384906,0.2329594136202077,15.0,0.75,0.83,0.87,7878.0,0.9854754462472896,0.5749779461756073,0.17985395006887714,0.2800914027251037,0.09055414859925612,0.124450585801941,0.037752438602214965,0.14917149223384443,0.0670716181150592,0.0,0.0,0.0,0.0,0.0,0.0,0.0,0.0,0.0,0.0,0.0,0.0,0.0,0.0,0.0,0.0,0.0
0.6948396273384906,0.2329594136202077,15.0,0.75,0.83,0.87,7878.0,0.9961245678017403,0.6609568065951116,0.6185555767790653,0.7256768602198368,0.9209359388369129,1.044539771342821,0.015007062506434707,0.40898421116237443,0.47289628873199485,1.275399269776455,0.02803220898081979,0.0733316329571126,0.020933765025827583,1.3430284006600366,1.3450306807150985,-5.1320921354377505e-16,0.021249017228729284,0.1280229382667766,0.0,0.0,0.0,0.0,0.0,0.0,0.0,0.0
0.6948396273384906,0.2329594136202077,15.0,0.75,0.83,0.87,7878.0,0.5778898705444878,0.6243267318992843,0.853355382439959,1.216195552820877,0.36007165328193114,0.3533794522886498,0.0,0.0,0.0,0.0,0.0,0.0,0.0,0.0,0.0,0.0,0.0,0.0,0.0,0.0,0.0,0.0,0.0,0.0,0.0,0.0
0.6948396273384906,0.2329594136202077,15.0,0.75,0.83,0.87,7878.0,0.8172269191506178,0.63317846805116,0.6838598378931198,0.6704738794082632,0.48705125841940244,0.5065121513995668,0.352047813023393,0.1898412109551332,0.7421220174244717,0.4397698911149247,0.563362453259879,0.7915135554782534,0.0,0.0,0.0,0.0,0.0,0.0,0.0,0.0,0.0,0.0,0.0,0.0,0.0,0.0
0.6948396273384906,0.2329594136202077,15.0,0.75,0.83,0.87,7878.0,1.0569834651106,0.9401486179728805,0.45469492591942956,0.3806248557433624,0.6020386314240781,0.32011358818307045,0.08912089735928219,0.043759182655402525,0.0,0.0,0.0,0.0,0.0,0.0,0.0,0.0,0.0,0.0,0.0,0.0,0.0,0.0,0.0,0.0,0.0,0.0
0.6948396273384906,0.2329594136202077,15.0,0.75,0.83,0.87,7878.0,0.8317328869157742,0.765737093101237,0.5724821860961115,0.08555570673498807,0.09223139677341918,0.049024855789364774,0.09518611917096095,0.0,0.0,0.0,0.0,0.0,0.0,0.0,0.0,0.0,0.0,0.0,0.0,0.0,0.0,0.0,0.0,0.0,0.0,0.0
0.6948396273384906,0.2329594136202077,15.0,0.75,0.83,0.87,7878.0,1.1569584869879594,0.7241192859282797,0.6889137509128941,0.6394163100255509,0.5202359271820529,0.4780401953770617,0.2560853755043346,0.33794580970563387,1.624046149602347e-16,0.8272198541642801,0.8078768769591369,0.0,0.0,0.0,0.0,0.0,0.0,0.0,0.0,0.0,0.0,0.0,0.0,0.0,0.0,0.0
0.6948396273384906,0.2329594136202077,15.0,0.71,0.75,0.96,7878.0,1.04978371382149,0.8362741698149333,0.6794516665812198,0.6756009061971885,0.9763135169452388,0.7023332054008546,0.070706119867863,0.13874069680936763,0.136236159826118,0.0,0.0,0.0,0.0,0.0,0.0,0.0,0.0,0.0,0.0,0.0,0.0,0.0,0.0,0.0,0.0,0.0
0.6948396273384906,0.2329594136202077,15.0,0.71,0.75,0.96,7878.0,0.7076266482201373,0.5829764916108692,0.537737185772488,0.35955445644571576,0.32043690698714317,0.30411121537833635,0.0,0.0,0.0,0.0,0.0,0.0,0.0,0.0,0.0,0.0,0.0,0.0,0.0,0.0,0.0,0.0,0.0,0.0,0.0,0.0
0.6948396273384906,0.2329594136202077,15.0,0.71,0.75,0.96,7878.0,0.5656698317333254,0.4731324224201371,0.21522852995122735,0.3380616518462198,0.6033417349530149,0.0,0.0,0.0,0.0,0.0,0.0,0.0,0.0,0.0,0.0,0.0,0.0,0.0,0.0,0.0,0.0,0.0,0.0,0.0,0.0,0.0
0.6948396273384906,0.2329594136202077,15.0,0.71,0.75,0.96,7878.0,0.43817678495371415,0.3530527021467613,0.19140010855132517,0.10204163881755285,0.14848934414614845,0.0,0.0,0.0,0.0,0.0,0.0,0.0,0.0,0.0,0.0,0.0,0.0,0.0,0.0,0.0,0.0,0.0,0.0,0.0,0.0,0.0
0.6948396273384906,0.2329594136202077,15.0,0.71,0.75,0.96,7878.0,0.804847796471159,0.5362945082279952,0.39677402816874036,0.15857751899433806,0.2699393068801583,0.269494640043571,0.1746759323463983,0.25594865816160706,0.0,0.0,0.0,0.0,0.0,0.0,0.0,0.0,0.0,0.0,0.0,0.0,0.0,0.0,0.0,0.0,0.0,0.0
0.6948396273384906,0.2329594136202077,15.0,0.71,0.75,0.96,7878.0,1.0116282362727604,0.5201504014498163,0.5184300798200977,0.2815752113160189,0.10416939693745256,0.1180464980788302,0.15736163047629917,0.21059436833115833,0.0,0.0,0.0,0.0,0.0,0.0,0.0,0.0,0.0,0.0,0.0,0.0,0.0,0.0,0.0,0.0,0.0,0.0
0.6948396273384906,0.2329594136202077,15.0,0.71,0.75,0.96,7878.0,0.49014794077715595,0.6326965476382996,0.664175004550856,0.07831157880060995,0.08569052608004617,0.09271712667525629,0.06798725024862244,0.0,0.0,0.0,0.0,0.0,0.0,0.0,0.0,0.0,0.0,0.0,0.0,0.0,0.0,0.0,0.0,0.0,0.0,0.0
0.6948396273384906,0.2329594136202077,15.0,0.71,0.75,0.96,7878.0,0.7389047397682663,0.4157084243154596,0.5929283962261457,0.2996937873612009,0.2942982927192706,0.28702359976147834,0.1403001885617375,0.0,0.0,0.0,0.0,0.0,0.0,0.0,0.0,0.0,0.0,0.0,0.0,0.0,0.0,0.0,0.0,0.0,0.0,0.0
0.6948396273384906,0.2329594136202077,15.0,0.71,0.75,0.96,7878.0,0.5310175045440565,0.2917316952095542,0.2743375822684254,0.33482578248396716,0.4077224117317635,0.20130026261480316,7.79596940243661e-16,0.04481509327442014,0.044114317684699145,0.0,0.0,0.0,0.0,0.0,0.0,0.0,0.0,0.0,0.0,0.0,0.0,0.0,0.0,0.0,0.0,0.0
0.6948396273384906,0.2329594136202077,15.0,0.71,0.75,0.96,7878.0,0.6559418189669802,0.5197777328847172,0.6370596771631538,0.16819022694903502,0.2784976231344045,6.71137379771324e-16,0.220097575368521,0.0,0.0,0.0,0.0,0.0,0.0,0.0,0.0,0.0,0.0,0.0,0.0,0.0,0.0,0.0,0.0,0.0,0.0,0.0
0.6948396273384906,0.2329594136202077,15.0,0.76,0.79,0.86,7878.0,0.900869705791113,0.8671604838896884,0.6476375830696932,0.40430739215925404,0.39331941408064947,0.3839921462909414,0.18662557080319075,0.16626237163009353,0.16187975112477307,0.04521594055350049,0.044332937672731075,0.04375302682382021,0.0,0.0,0.0,0.0,0.0,0.0,0.0,0.0,0.0,0.0,0.0,0.0,0.0,0.0
0.6948396273384906,0.2329594136202077,15.0,0.76,0.79,0.86,7878.0,0.784982287823629,0.7594931956099957,0.766372631706936,0.17697197757307892,0.26853424229205913,0.2849263181270297,0.16948720365702818,0.24984467402013996,0.15645946258415308,0.15502267915085566,0.15335151517457177,0.0,0.0,0.0,0.0,0.0,0.0,0.0,0.0,0.0,0.0,0.0,0.0,0.0,0.0,0.0
0.6948396273384906,0.2329594136202077,15.0,0.76,0.79,0.86,7878.0,0.5928275245535779,0.5930302605085174,0.20270672201135012,0.14236986948830777,0.5301259513483191,0.6103793831926799,0.3034328718383135,0.2584207480628662,0.16204082132079173,0.2526393028099585,0.09107920783729595,0.09067121639395966,0.0,0.0,0.0,0.0,0.0,0.0,0.0,0.0,0.0,0.0,0.0,0.0,0.0,0.0
0.6948396273384906,0.2329594136202077,15.0,0.76,0.79,0.86,7878.0,0.9650226925801967,0.6719251436641804,0.6386450909160037,0.5005835009742685,0.4286277059401469,0.19379502261864995,0.3014952700181962,0.70785315212288,0.0,0.0,0.0,0.0,0.0,0.0,0.0,0.0,0.0,0.0,0.0,0.0,0.0,0.0,0.0,0.0,0.0,0.0
0.6948396273384906,0.2329594136202077,15.0,0.76,0.79,0.86,7878.0,0.40100531751875207,0.36285560345409257,0.29804772454788286,0.37204042322689584,0.3689711303643556,0.0,0.0,0.0,0.0,0.0,0.0,0.0,0.0,0.0,0.0,0.0,0.0,0.0,0.0,0.0,0.0,0.0,0.0,0.0,0.0,0.0
0.6948396273384906,0.2329594136202077,15.0,0.76,0.79,0.86,7878.0,0.49848246710929217,0.3599157132581609,0.4827439164605481,0.8617208694544652,1.6057556243772586,0.9696747609703401,0.09281398308866695,0.09117524157121298,0.0,0.0,0.0,0.0,0.0,0.0,0.0,0.0,0.0,0.0,0.0,0.0,0.0,0.0,0.0,0.0,0.0,0.0
0.6948396273384906,0.2329594136202077,15.0,0.76,0.79,0.86,7878.0,0.8752970140836995,0.8297322370460902,0.28323222894905536,0.22661505387717845,0.2753630462430152,0.0,0.0,0.0,0.0,0.0,0.0,0.0,0.0,0.0,0.0,0.0,0.0,0.0,0.0,0.0,0.0,0.0,0.0,0.0,0.0,0.0
0.6948396273384906,0.2329594136202077,15.0,0.76,0.79,0.86,7878.0,1.110966608324592,0.6680043639936103,0.3780365994230761,0.6074814200298554,0.5802474143041545,0.4147029705079381,0.39539146255132807,0.7283087913212569,0.35767546523625227,0.08831171412835812,0.08750393742785857,0.0,0.0,0.0,0.0,0.0,0.0,0.0,0.0,0.0,0.0,0.0,0.0,0.0,0.0,0.0
0.6948396273384906,0.2329594136202077,15.0,0.76,0.79,0.86,7878.0,0.9046522955052243,0.8678546112190902,0.7033128520580196,0.2606184257259869,0.4806007592579079,0.20084699026987232,0.1959657255717073,0.0,0.0,0.0,0.0,0.0,0.0,0.0,0.0,0.0,0.0,0.0,0.0,0.0,0.0,0.0,0.0,0.0,0.0,0.0
0.6948396273384906,0.2329594136202077,15.0,0.76,0.79,0.86,7878.0,0.7520875467539287,0.5929669504632212,0.4909904823120268,0.46478933043427345,0.35949483385656306,0.6096568465947775,0.4866150323364206,0.30183681985099237,0.06656402759594418,0.0,0.0,0.0,0.0,0.0,0.0,0.0,0.0,0.0,0.0,0.0,0.0,0.0,0.0,0.0,0.0,0.0
0.6948396273384906,0.2329594136202077,15.0,0.73,0.75,0.85,7878.0,1.2736464918817125,0.8438980333812536,0.4907687143360609,0.4127306740496916,0.3168783418140487,0.326769287935141,0.6469336719681944,0.27135828641908183,0.0,0.0,0.0,0.0,0.0,0.0,0.0,0.0,0.0,0.0,0.0,0.0,0.0,0.0,0.0,0.0,0.0,0.0
0.6948396273384906,0.2329594136202077,15.0,0.73,0.75,0.85,7878.0,0.7270853056695692,0.38236688394822316,0.42411035246120743,0.4354315598221786,0.36699087125244867,0.11465791840854181,0.5178316869155721,1.0935730709463574,0.11305305922664573,1.0274952174889953,0.0,0.0,0.0,0.0,0.0,0.0,0.0,0.0,0.0,0.0,0.0,0.0,0.0,0.0,0.0,0.0
0.6948396273384906,0.2329594136202077,15.0,0.73,0.75,0.85,7878.0,0.4533913985636845,0.48970270882390227,0.26616789763131904,0.10357613546207349,0.10040659435065041,0.0,0.0,0.0,0.0,0.0,0.0,0.0,0.0,0.0,0.0,0.0,0.0,0.0,0.0,0.0,0.0,0.0,0.0,0.0,0.0,0.0
0.6948396273384906,0.2329594136202077,15.0,0.73,0.75,0.85,7878.0,0.8747829354008423,0.5244270687453257,0.1785398701076092,0.16401465210723937,0.05153626746794336,0.05051219830671305,0.9976320456708647,1.396465460247157,2.6556914995955005,1.3090953442310218,0.7857272765645323,1.1679623312321705,-5.4895293344925865e-18,0.24398786594788405,1.1627029718102497,1.159125533194516,1.3583810715409947,3.845069745339009e-17,0.09019202731932625,0.0,0.0,0.0,0.0,0.0,0.0,0.0
0.6948396273384906,0.2329594136202077,15.0,0.73,0.75,0.85,7878.0,1.0740779534366858,0.7580923839491253,0.5237386693539172,0.5478130305004696,0.5508784294780765,0.4247065796208266,0.3843813759590853,0.8610342131778536,0.7257391234877311,0.30704938076160876,0.1060347723453603,0.11722835469682856,0.6691243466641388,0.605391660306429,0.5548886883325543,0.6911788693754911,0.38365715855427795,0.530296901610004,0.4395889501317386,0.4477733638279414,0.6523475464970748,0.08473221781794069,0.13650479821305278,0.1222213835132776,0.0,0.0
0.6948396273384906,0.2329594136202077,15.0,0.73,0.75,0.85,7878.0,0.7637924646241313,0.939687220152453,0.8213965659519312,0.5087731550861755,0.9193540714917217,0.8838071075568119,0.1949154061369254,0.0,0.0,0.0,0.0,0.0,0.0,0.0,0.0,0.0,0.0,0.0,0.0,0.0,0.0,0.0,0.0,0.0,0.0,0.0
0.6948396273384906,0.2329594136202077,15.0,0.73,0.75,0.85,7878.0,0.5680123464027044,0.7416054004322226,0.5068890255206207,0.389684843555481,0.6042803546404201,0.4414169855735059,0.0975220036985805,0.1192396714127735,0.0940204506394998,1.098651843190336e-16,0.011611201126534866,0.011534461276517397,0.0,0.0,0.0,0.0,0.0,0.0,0.0,0.0,0.0,0.0,0.0,0.0,0.0,0.0
0.6948396273384906,0.2329594136202077,15.0,0.73,0.75,0.85,7878.0,0.5751687554579222,0.5135162059872481,0.31778129311899145,0.22063290570645602,-4.110743994271014e-16,-4.0113246270526735e-16,0.04657639575405336,0.0,0.0,0.0,0.0,0.0,0.0,0.0,0.0,0.0,0.0,0.0,0.0,0.0,0.0,0.0,0.0,0.0,0.0,0.0
0.6948396273384906,0.2329594136202077,15.0,0.73,0.75,0.85,7878.0,0.8999798399848052,0.6895802561054731,0.3337848423532382,0.374659731923871,0.46590686579132834,0.5697790944837824,0.2279701191400754,0.26459050037055964,0.36993664441455515,0.05666130664084753,0.20201853708967904,0.20006998702980375,0.0,0.0,0.0,0.0,0.0,0.0,0.0,0.0,0.0,0.0,0.0,0.0,0.0,0.0
0.6948396273384906,0.2329594136202077,15.0,0.73,0.75,0.85,7878.0,0.4647122374343851,0.3736495902876652,0.2703395736772946,0.23846998731802313,0.0,0.0,0.0,0.0,0.0,0.0,0.0,0.0,0.0,0.0,0.0,0.0,0.0,0.0,0.0,0.0,0.0,0.0,0.0,0.0,0.0,0.0
0.6948396273384906,0.2329594136202077,15.0,0.71,0.88,0.99,7878.0,0.7681324441492737,0.5505372046524714,0.3989702999021972,0.13936061881388684,0.1577550816363162,0.043824312779670846,0.0,0.0,0.0,0.0,0.0,0.0,0.0,0.0,0.0,0.0,0.0,0.0,0.0,0.0,0.0,0.0,0.0,0.0,0.0,0.0
0.6948396273384906,0.2329594136202077,15.0,0.71,0.88,0.99,7878.0,0.38192679976378213,0.30992843621787314,0.2545209966880031,0.21846252922428766,0.21670565764603264,-7.203236084639103e-17,-7.260776587845639e-17,0.08688449561553661,0.08525769213183956,0.0,0.0,0.0,0.0,0.0,0.0,0.0,0.0,0.0,0.0,0.0,0.0,0.0,0.0,0.0,0.0,0.0
0.6948396273384906,0.2329594136202077,15.0,0.71,0.88,0.99,7878.0,0.6165545477012961,0.36177323731215866,0.28669657292182776,0.09278229234906177,0.2713731992625048,0.26524075508398354,0.0,0.0,0.0,0.0,0.0,0.0,0.0,0.0,0.0,0.0,0.0,0.0,0.0,0.0,0.0,0.0,0.0,0.0,0.0,0.0
0.6948396273384906,0.2329594136202077,15.0,0.71,0.88,0.99,7878.0,0.5042553118880833,0.38381194750745246,0.361457372451108,0.19454445959330824,0.22778553234415636,0.3270729347970724,0.4213866011064374,0.45316859308694774,0.08081642088967687,8.483752665082759e-17,0.0,0.0,0.0,0.0,0.0,0.0,0.0,0.0,0.0,0.0,0.0,0.0,0.0,0.0,0.0,0.0
0.6948396273384906,0.2329594136202077,15.0,0.71,0.88,0.99,7878.0,0.9897225120338573,0.8218581527377302,0.47253048655437413,0.16761388396731397,0.1630355062894477,0.09062785114431675,0.2215124641223302,0.21715605778810318,0.0,0.0,0.0,0.0,0.0,0.0,0.0,0.0,0.0,0.0,0.0,0.0,0.0,0.0,0.0,0.0,0.0,0.0
0.6948396273384906,0.2329594136202077,15.0,0.71,0.88,0.99,7878.0,1.2907715568153542,0.9284190359243693,0.3765570470544178,0.36173458833167393,0.3337663163360232,0.37178519017465533,0.11887389197489914,0.16764864532166818,0.16400949674333618,0.0,0.0,0.0,0.0,0.0,0.0,0.0,0.0,0.0,0.0,0.0,0.0,0.0,0.0,0.0,0.0,0.0
0.6948396273384906,0.2329594136202077,15.0,0.71,0.88,0.99,7878.0,0.7614759570575454,0.5799981822508623,0.3375566179520209,0.04693260864558952,0.0,0.0,0.0,0.0,0.0,0.0,0.0,0.0,0.0,0.0,0.0,0.0,0.0,0.0,0.0,0.0,0.0,0.0,0.0,0.0,0.0,0.0
0.6948396273384906,0.2329594136202077,15.0,0.71,0.88,0.99,7878.0,0.7485216512650977,0.636138131320869,0.6538946366709664,0.4542920365888559,0.06842684749612873,-5.597183580684455e-16,-5.446619232941413e-16,-5.346156863348946e-16,0.20796099966288148,0.10252224033698595,-5.090715345177724e-16,0.0,0.0,0.0,0.0,0.0,0.0,0.0,0.0,0.0,0.0,0.0,0.0,0.0,0.0,0.0
0.6948396273384906,0.2329594136202077,15.0,0.71,0.88,0.99,7878.0,0.5008918644244125,0.48131008507449874,0.3299771555844855,0.21851807176077656,7.722573318967347e-17,0.1291483951329033,0.1538055140107363,0.0,0.0,0.0,0.0,0.0,0.0,0.0,0.0,0.0,0.0,0.0,0.0,0.0,0.0,0.0,0.0,0.0,0.0,0.0
0.6948396273384906,0.2329594136202077,15.0,0.71,0.88,0.99,7878.0,0.8168524945157364,0.6736789363459664,0.4139810299121427,0.45896969630931617,0.8213204858438641,0.7207748049721133,0.08239638968297128,0.08069139221232693,0.0,0.0,0.0,0.0,0.0,0.0,0.0,0.0,0.0,0.0,0.0,0.0,0.0,0.0,0.0,0.0,0.0,0.0
0.6948396273384906,0.2329594136202077,15.0,0.66,0.87,0.93,7878.0,0.7408475100988717,0.4371845445188142,0.6755363254791587,0.525946533880798,0.13103251366132823,0.4062385667974811,0.24094739235136653,0.0,0.0,0.0,0.0,0.0,0.0,0.0,0.0,0.0,0.0,0.0,0.0,0.0,0.0,0.0,0.0,0.0,0.0,0.0
0.6948396273384906,0.2329594136202077,15.0,0.66,0.87,0.93,7878.0,0.7411337125403824,0.6203510407170015,0.4081866868857662,0.15909631428081777,0.15521597913764815,0.6874520721256583,0.6742756344533485,5.833557463711066e-16,1.7942981623023793,0.6705754047989947,0.8593352902461485,0.2119764663924696,0.0,0.0,0.0,0.0,0.0,0.0,0.0,0.0,0.0,0.0,0.0,0.0,0.0,0.0
0.6948396273384906,0.2329594136202077,15.0,0.66,0.87,0.93,7878.0,0.8066168637941898,0.5611477889195694,0.37437726800544435,0.4475732874280395,0.16236242516072463,0.5787504583975662,0.8164742498356605,0.08938954910132488,8.757660780419056e-16,8.554360887230948e-16,0.08547304756808358,0.0,0.0,0.0,0.0,0.0,0.0,0.0,0.0,0.0,0.0,0.0,0.0,0.0,0.0,0.0
0.6948396273384906,0.2329594136202077,15.0,0.66,0.87,0.93,7878.0,1.007908045894132,0.6861172644871839,0.5125753636272774,0.3811440176531423,0.34849865482508563,0.5080487109599411,0.0,0.0,0.0,0.0,0.0,0.0,0.0,0.0,0.0,0.0,0.0,0.0,0.0,0.0,0.0,0.0,0.0,0.0,0.0,0.0
0.6948396273384906,0.2329594136202077,15.0,0.66,0.87,0.93,7878.0,0.7724144978556292,0.6092220154813247,0.2732943570168996,0.0894472084906905,0.5721786151806086,0.22669996015521765,0.10200910376443711,0.1280968923093106,0.04174394968158731,0.04113485348168147,0.0,0.0,0.0,0.0,0.0,0.0,0.0,0.0,0.0,0.0,0.0,0.0,0.0,0.0,0.0,0.0
0.6948396273384906,0.2329594136202077,15.0,0.66,0.87,0.93,7878.0,0.5843331485344958,0.4847791593163024,0.4650019979831475,0.7914870188573293,0.09684557589329745,0.0,0.0,0.0,0.0,0.0,0.0,0.0,0.0,0.0,0.0,0.0,0.0,0.0,0.0,0.0,0.0,0.0,0.0,0.0,0.0,0.0
0.6948396273384906,0.2329594136202077,15.0,0.66,0.87,0.93,7878.0,0.5950977064530306,0.6460948957764736,0.7307366893728028,0.41332665857462236,0.3072381488747841,0.1809432489086794,0.1324143627738669,0.0,0.0,0.0,0.0,0.0,0.0,0.0,0.0,0.0,0.0,0.0,0.0,0.0,0.0,0.0,0.0,0.0,0.0,0.0
0.6948396273384906,0.2329594136202077,15.0,0.66,0.87,0.93,7878.0,0.7163550935671222,0.5156840457955607,0.38079956232330764,0.39748167512964494,0.17877075301675846,0.1905846525059929,0.13947323013775442,0.22843890394720318,0.0,0.0,0.0,0.0,0.0,0.0,0.0,0.0,0.0,0.0,0.0,0.0,0.0,0.0,0.0,0.0,0.0,0.0
0.6948396273384906,0.2329594136202077,15.0,0.66,0.87,0.93,7878.0,0.8830756140654269,0.6638901303073119,0.5772090793825024,0.42020549096186827,0.5183413673906895,0.381899701343941,0.14503480327226037,0.0,0.0,0.0,0.0,0.0,0.0,0.0,0.0,0.0,0.0,0.0,0.0,0.0,0.0,0.0,0.0,0.0,0.0,0.0
0.6948396273384906,0.2329594136202077,15.0,0.66,0.87,0.93,7878.0,0.5294204838117468,0.43852819560256545,0.31975491105409887,0.6420896257486362,0.3335826429443763,0.26675950801515924,0.16216671801407723,0.1810096146584228,0.0,0.0,0.0,0.0,0.0,0.0,0.0,0.0,0.0,0.0,0.0,0.0,0.0,0.0,0.0,0.0,0.0,0.0
0.6948396273384906,0.2329594136202077,15.0,0.84,0.87,0.87,7878.0,0.5865693930921896,0.4992986582878025,0.6519005782680579,0.3315555782525304,0.840393801006932,1.3063159186492974,1.5087160366535464,0.0,0.0,0.0,0.0,0.0,0.0,0.0,0.0,0.0,0.0,0.0,0.0,0.0,0.0,0.0,0.0,0.0,0.0,0.0
0.6948396273384906,0.2329594136202077,15.0,0.84,0.87,0.87,7878.0,0.6040823288403597,0.574388375523622,0.2239295107919478,0.1828565909899581,0.17136799852757467,0.22902523333294755,0.04718977745085174,0.04619596929263805,0.0,0.0,0.0,0.0,0.0,0.0,0.0,0.0,0.0,0.0,0.0,0.0,0.0,0.0,0.0,0.0,0.0,0.0
0.6948396273384906,0.2329594136202077,15.0,0.84,0.87,0.87,7878.0,0.6740015457022569,0.5437529103040696,0.5418222651568246,0.08878617202724336,0.09584115521510277,0.1087356995134345,0.04542184361003554,0.04468767370936936,0.0,0.0,0.0,0.0,0.0,0.0,0.0,0.0,0.0,0.0,0.0,0.0,0.0,0.0,0.0,0.0,0.0,0.0
0.6948396273384906,0.2329594136202077,15.0,0.84,0.87,0.87,7878.0,0.6136736356744701,0.49300770516865544,0.27258090807931135,0.14630863569550845,-3.3418948177152295e-16,-6.570112834281644e-16,-6.425457192750433e-16,1.027633129492354,0.6148632143310522,0.0867428054610959,0.0857758110552121,0.0,0.0,0.0,0.0,0.0,0.0,0.0,0.0,0.0,0.0,0.0,0.0,0.0,0.0,0.0
0.6948396273384906,0.2329594136202077,15.0,0.84,0.87,0.87,7878.0,0.9118625860773437,0.7157123307803099,0.6508518965765777,0.5689669690837756,0.599075209579451,0.09409845794809484,0.0,0.0,0.0,0.0,0.0,0.0,0.0,0.0,0.0,0.0,0.0,0.0,0.0,0.0,0.0,0.0,0.0,0.0,0.0,0.0
0.6948396273384906,0.2329594136202077,15.0,0.84,0.87,0.87,7878.0,1.303640538287058,0.9219940913887237,0.4622242312244877,0.265648066191423,0.7673903377219313,0.6021688422405795,0.11514125855586951,0.17919133333463988,0.0,0.0,0.0,0.0,0.0,0.0,0.0,0.0,0.0,0.0,0.0,0.0,0.0,0.0,0.0,0.0,0.0,0.0
0.6948396273384906,0.2329594136202077,15.0,0.84,0.87,0.87,7878.0,0.7021737971051962,0.6251534318535185,0.8579214987932626,0.6491010835052425,0.3715549289551748,0.15750037531893793,0.21642003278293037,0.26505498622911344,0.15524543842209412,0.19444171596819404,0.040666978252825406,0.0,0.0,0.0,0.0,0.0,0.0,0.0,0.0,0.0,0.0,0.0,0.0,0.0,0.0,0.0
0.6948396273384906,0.2329594136202077,15.0,0.84,0.87,0.87,7878.0,0.6251351295969557,0.5715056736132186,0.4948871346062165,0.8926157159361138,1.1871097765670025,0.7225218138790929,0.777442991701641,0.3461436169275314,0.12371069544831469,0.1261576722874514,0.14450272719638663,0.08126906721157681,0.08080238294813899,-9.496420481064922e-17,0.9082611332719964,0.4959738402499657,0.9568423422463651,0.9235424451884391,-1.2637228565796137e-16,-1.2687697832818203e-16,0.9852685255904461,0.042098539725338315,0.0,0.0,0.0,0.0
0.6948396273384906,0.2329594136202077,15.0,0.84,0.87,0.87,7878.0,0.8243661477391432,0.6277617776448574,0.3485363268853989,0.30343088040760424,0.3662519019716253,0.15887641040270487,0.16781278891366017,0.24679349564989717,0.24473447629114842,0.2433999805137112,0.12167191385777527,0.12169150204004772,0.12196167831391344,0.0,0.0,0.0,0.0,0.0,0.0,0.0,0.0,0.0,0.0,0.0,0.0,0.0
0.6948396273384906,0.2329594136202077,15.0,0.84,0.87,0.87,7878.0,0.3872164391474952,0.32712275012327346,0.23057692770504207,0.7666142418145705,0.9046125278934872,0.7664490595721055,0.42758407266273335,0.07845480723674629,0.7250528629237905,0.019485941850119804,0.0,0.0,0.0,0.0,0.0,0.0,0.0,0.0,0.0,0.0,0.0,0.0,0.0,0.0,0.0,0.0
0.6948396273384906,0.2329594136202077,15.0,0.66,0.78,0.84,7878.0,0.6838059150033178,0.6818771831394793,0.5656888258278931,0.6800519727555866,0.3275629068437689,0.13552880127781836,0.13479194349897974,0.05325397268545909,0.05273153243731744,0.05219659708992432,0.0,0.0,0.0,0.0,0.0,0.0,0.0,0.0,0.0,0.0,0.0,0.0,0.0,0.0,0.0,0.0
0.6948396273384906,0.2329594136202077,15.0,0.66,0.78,0.84,7878.0,1.016736002985761,0.8780656258236209,0.865867170242692,0.7047528820916357,0.8321699223076459,0.13586217367349976,0.20352149962251276,0.15804041575272645,0.15488997337295324,0.0,0.0,0.0,0.0,0.0,0.0,0.0,0.0,0.0,0.0,0.0,0.0,0.0,0.0,0.0,0.0,0.0
0.6948396273384906,0.2329594136202077,15.0,0.66,0.78,0.84,7878.0,0.6009622392165467,0.5768189872245231,0.4486964747414381,0.42776374469942363,0.37945878366030367,0.6463713825540743,0.7327474421047042,0.4705147623258284,0.09552867703801664,0.10974158376370678,0.04623155993564982,0.8275916376211424,-1.1829718686903245e-16,0.4070529811428745,0.0,0.0,0.0,0.0,0.0,0.0,0.0,0.0,0.0,0.0,0.0,0.0
0.6948396273384906,0.2329594136202077,15.0,0.66,0.78,0.84,7878.0,0.6128767076344964,0.5932695709769001,0.5754968469661066,0.25255477923941716,0.17429250302044844,0.18176748906644566,0.11843467439483327,-1.9785463135628994e-16,-1.9185624439379492e-16,-1.89278862101643e-16,-1.8604001986957936e-16,0.18000693771873652,0.0,0.0,0.0,0.0,0.0,0.0,0.0,0.0,0.0,0.0,0.0,0.0,0.0,0.0
0.6948396273384906,0.2329594136202077,15.0,0.66,0.78,0.84,7878.0,1.2411743470548517,0.7205703497086259,0.17792611044747741,0.4395340052351206,0.14752041171692457,0.7131866146349746,0.9987290976849564,0.14627339211671483,0.04788760166072772,0.0,0.0,0.0,0.0,0.0,0.0,0.0,0.0,0.0,0.0,0.0,0.0,0.0,0.0,0.0,0.0,0.0
0.6948396273384906,0.2329594136202077,15.0,0.66,0.78,0.84,7878.0,0.6908327483235204,0.6908327483235204,0.6521956430511557,0.4067056674107847,0.35028650956483454,0.9396961790849823,0.23410023014978834,0.2305223954058855,0.22709840380664323,0.0,0.0,0.0,0.0,0.0,0.0,0.0,0.0,0.0,0.0,0.0,0.0,0.0,0.0,0.0,0.0,0.0
0.6948396273384906,0.2329594136202077,15.0,0.66,0.78,0.84,7878.0,0.9383084824718951,0.633699327807875,0.42428166709439497,0.29707222251530435,0.2319419578298117,0.15013386829153277,0.14669068506007985,0.0,0.0,0.0,0.0,0.0,0.0,0.0,0.0,0.0,0.0,0.0,0.0,0.0,0.0,0.0,0.0,0.0,0.0,0.0
0.6948396273384906,0.2329594136202077,15.0,0.66,0.78,0.84,7878.0,0.5151154035500697,0.32931065067091325,0.2513458173787294,0.2144249662800464,0.02630677039474855,0.0,0.0,0.0,0.0,0.0,0.0,0.0,0.0,0.0,0.0,0.0,0.0,0.0,0.0,0.0,0.0,0.0,0.0,0.0,0.0,0.0
0.6948396273384906,0.2329594136202077,15.0,0.66,0.78,0.84,7878.0,0.6088406601855946,0.2865633760554093,0.14877667701827665,0.5692680615699729,0.3942021397781222,0.4770212673293818,0.83244053172519,0.0,0.0,0.0,0.0,0.0,0.0,0.0,0.0,0.0,0.0,0.0,0.0,0.0,0.0,0.0,0.0,0.0,0.0,0.0
0.6948396273384906,0.2329594136202077,15.0,0.66,0.78,0.84,7878.0,0.6646924134125871,0.6464271865264766,0.4831527006434536,0.30791092774720163,0.2783020497322749,0.48136564376981944,0.6414968363536991,0.2990539386894465,0.1854233771229318,0.1828214109461431,0.1807905395544849,0.0,0.0,0.0,0.0,0.0,0.0,0.0,0.0,0.0,0.0,0.0,0.0,0.0,0.0,0.0
