inf_prob,diag_prob,i0,vaccine_efficacy1,vaccine_efficacy2,infection_efficacy,replacement_percentage,permutation_percentage,0,1,2,3,4,5,6,7,8,9,10,11,12,13,14,15,16,17,18,19,20,21,22,23,24,25
0.6898581766687657,0.2592174890484804,14.0,0.74,0.76,0.91,0.01,0.0,14.0,3.0,2.0,1.0,0.0,0.0,0.0,0.0,0.0,0.0,0.0,0.0,0.0,0.0,0.0,0.0,0.0,0.0,0.0,0.0,0.0,0.0,0.0,0.0,0.0,0.0
0.6898581766687657,0.2592174890484804,14.0,0.74,0.76,0.91,0.02,0.0,14.0,5.0,7.0,5.0,0.0,0.0,0.0,0.0,0.0,0.0,0.0,0.0,0.0,0.0,0.0,0.0,0.0,0.0,0.0,0.0,0.0,0.0,0.0,0.0,0.0,0.0
0.6898581766687657,0.2592174890484804,14.0,0.74,0.76,0.91,0.03,0.0,14.0,7.0,4.0,4.0,3.0,1.0,3.0,1.0,4.0,0.0,0.0,0.0,0.0,0.0,0.0,0.0,0.0,0.0,0.0,0.0,0.0,0.0,0.0,0.0,0.0,0.0
0.6898581766687657,0.2592174890484804,14.0,0.74,0.76,0.91,0.04,0.0,14.0,5.0,2.0,2.0,4.0,1.0,0.0,0.0,0.0,0.0,0.0,0.0,0.0,0.0,0.0,0.0,0.0,0.0,0.0,0.0,0.0,0.0,0.0,0.0,0.0,0.0
0.6898581766687657,0.2592174890484804,14.0,0.74,0.76,0.91,0.05,0.0,14.0,2.0,2.0,0.0,0.0,0.0,0.0,0.0,0.0,0.0,0.0,0.0,0.0,0.0,0.0,0.0,0.0,0.0,0.0,0.0,0.0,0.0,0.0,0.0,0.0,0.0
0.6898581766687657,0.2592174890484804,14.0,0.74,0.76,0.91,0.06,0.0,14.0,10.0,5.0,3.0,1.0,3.0,0.0,0.0,0.0,0.0,0.0,0.0,0.0,0.0,0.0,0.0,0.0,0.0,0.0,0.0,0.0,0.0,0.0,0.0,0.0,0.0
0.6898581766687657,0.2592174890484804,14.0,0.74,0.76,0.91,0.07,0.0,14.0,7.0,3.0,4.0,0.0,0.0,1.0,0.0,0.0,0.0,0.0,0.0,0.0,0.0,0.0,0.0,0.0,0.0,0.0,0.0,0.0,0.0,0.0,0.0,0.0,0.0
0.6898581766687657,0.2592174890484804,14.0,0.74,0.76,0.91,0.08,0.0,14.0,4.0,1.0,0.0,3.0,1.0,0.0,0.0,0.0,0.0,0.0,0.0,0.0,0.0,0.0,0.0,0.0,0.0,0.0,0.0,0.0,0.0,0.0,0.0,0.0,0.0
0.6898581766687657,0.2592174890484804,14.0,0.74,0.76,0.91,0.09,0.0,14.0,5.0,2.0,1.0,4.0,0.0,1.0,0.0,0.0,0.0,0.0,0.0,0.0,0.0,0.0,0.0,0.0,0.0,0.0,0.0,0.0,0.0,0.0,0.0,0.0,0.0
0.6898581766687657,0.2592174890484804,14.0,0.74,0.76,0.91,0.1,0.0,14.0,8.0,2.0,3.0,0.0,3.0,4.0,2.0,5.0,1.0,0.0,0.0,0.0,0.0,0.0,0.0,0.0,0.0,0.0,0.0,0.0,0.0,0.0,0.0,0.0,0.0
0.6898581766687657,0.2592174890484804,14.0,0.72,0.79,0.87,0.01,0.0,14.0,6.0,3.0,5.0,4.0,0.0,0.0,0.0,0.0,0.0,0.0,0.0,0.0,0.0,0.0,0.0,0.0,0.0,0.0,0.0,0.0,0.0,0.0,0.0,0.0,0.0
0.6898581766687657,0.2592174890484804,14.0,0.72,0.79,0.87,0.02,0.0,14.0,1.0,4.0,2.0,1.0,0.0,0.0,0.0,0.0,0.0,0.0,0.0,0.0,0.0,0.0,0.0,0.0,0.0,0.0,0.0,0.0,0.0,0.0,0.0,0.0,0.0
0.6898581766687657,0.2592174890484804,14.0,0.72,0.79,0.87,0.03,0.0,14.0,13.0,7.0,5.0,6.0,5.0,2.0,2.0,0.0,0.0,1.0,1.0,0.0,0.0,0.0,0.0,0.0,0.0,0.0,0.0,0.0,0.0,0.0,0.0,0.0,0.0
0.6898581766687657,0.2592174890484804,14.0,0.72,0.79,0.87,0.04,0.0,14.0,0.0,2.0,0.0,0.0,0.0,0.0,0.0,0.0,0.0,0.0,0.0,0.0,0.0,0.0,0.0,0.0,0.0,0.0,0.0,0.0,0.0,0.0,0.0,0.0,0.0
0.6898581766687657,0.2592174890484804,14.0,0.72,0.79,0.87,0.05,0.0,14.0,4.0,5.0,3.0,1.0,0.0,0.0,0.0,0.0,0.0,1.0,0.0,4.0,2.0,1.0,0.0,0.0,0.0,0.0,0.0,0.0,0.0,0.0,0.0,0.0,0.0
0.6898581766687657,0.2592174890484804,14.0,0.72,0.79,0.87,0.06,0.0,14.0,2.0,1.0,0.0,0.0,3.0,2.0,2.0,0.0,0.0,0.0,0.0,0.0,0.0,0.0,0.0,0.0,0.0,0.0,0.0,0.0,0.0,0.0,0.0,0.0,0.0
0.6898581766687657,0.2592174890484804,14.0,0.72,0.79,0.87,0.07,0.0,14.0,6.0,2.0,2.0,5.0,1.0,0.0,0.0,0.0,0.0,0.0,0.0,0.0,0.0,0.0,0.0,0.0,0.0,0.0,0.0,0.0,0.0,0.0,0.0,0.0,0.0
0.6898581766687657,0.2592174890484804,14.0,0.72,0.79,0.87,0.08,0.0,14.0,8.0,5.0,1.0,1.0,2.0,4.0,1.0,2.0,0.0,0.0,0.0,0.0,0.0,0.0,0.0,0.0,0.0,0.0,0.0,0.0,0.0,0.0,0.0,0.0,0.0
0.6898581766687657,0.2592174890484804,14.0,0.72,0.79,0.87,0.09,0.0,14.0,2.0,5.0,3.0,3.0,0.0,0.0,0.0,0.0,0.0,0.0,0.0,0.0,0.0,0.0,0.0,0.0,0.0,0.0,0.0,0.0,0.0,0.0,0.0,0.0,0.0
0.6898581766687657,0.2592174890484804,14.0,0.72,0.79,0.87,0.1,0.0,14.0,3.0,4.0,0.0,0.0,0.0,0.0,0.0,0.0,0.0,0.0,0.0,0.0,0.0,0.0,0.0,0.0,0.0,0.0,0.0,0.0,0.0,0.0,0.0,0.0,0.0
0.6898581766687657,0.2592174890484804,14.0,0.75,0.76,0.97,0.01,0.0,14.0,4.0,0.0,2.0,0.0,1.0,1.0,0.0,0.0,0.0,0.0,0.0,0.0,0.0,0.0,0.0,0.0,0.0,0.0,0.0,0.0,0.0,0.0,0.0,0.0,0.0
0.6898581766687657,0.2592174890484804,14.0,0.75,0.76,0.97,0.02,0.0,14.0,5.0,5.0,3.0,0.0,0.0,0.0,0.0,0.0,0.0,0.0,0.0,0.0,0.0,0.0,0.0,0.0,0.0,0.0,0.0,0.0,0.0,0.0,0.0,0.0,0.0
0.6898581766687657,0.2592174890484804,14.0,0.75,0.76,0.97,0.03,0.0,14.0,3.0,2.0,0.0,0.0,0.0,0.0,0.0,0.0,0.0,0.0,0.0,0.0,0.0,0.0,0.0,0.0,0.0,0.0,0.0,0.0,0.0,0.0,0.0,0.0,0.0
0.6898581766687657,0.2592174890484804,14.0,0.75,0.76,0.97,0.04,0.0,14.0,2.0,2.0,0.0,0.0,0.0,0.0,0.0,0.0,0.0,0.0,0.0,0.0,0.0,0.0,0.0,0.0,0.0,0.0,0.0,0.0,0.0,0.0,0.0,0.0,0.0
0.6898581766687657,0.2592174890484804,14.0,0.75,0.76,0.97,0.05,0.0,14.0,6.0,1.0,1.0,0.0,0.0,0.0,0.0,0.0,0.0,0.0,0.0,0.0,0.0,0.0,0.0,0.0,0.0,0.0,0.0,0.0,0.0,0.0,0.0,0.0,0.0
0.6898581766687657,0.2592174890484804,14.0,0.75,0.76,0.97,0.06,0.0,14.0,1.0,0.0,0.0,0.0,0.0,0.0,0.0,0.0,0.0,0.0,0.0,0.0,0.0,0.0,0.0,0.0,0.0,0.0,0.0,0.0,0.0,0.0,0.0,0.0,0.0
0.6898581766687657,0.2592174890484804,14.0,0.75,0.76,0.97,0.07,0.0,14.0,8.0,2.0,2.0,0.0,0.0,0.0,1.0,1.0,0.0,0.0,0.0,0.0,0.0,0.0,0.0,0.0,0.0,0.0,0.0,0.0,0.0,0.0,0.0,0.0,0.0
0.6898581766687657,0.2592174890484804,14.0,0.75,0.76,0.97,0.08,0.0,14.0,6.0,9.0,0.0,1.0,2.0,0.0,0.0,0.0,0.0,0.0,0.0,0.0,0.0,0.0,0.0,0.0,0.0,0.0,0.0,0.0,0.0,0.0,0.0,0.0,0.0
0.6898581766687657,0.2592174890484804,14.0,0.75,0.76,0.97,0.09,0.0,14.0,4.0,7.0,2.0,1.0,1.0,3.0,4.0,0.0,0.0,0.0,2.0,3.0,0.0,0.0,0.0,0.0,0.0,0.0,0.0,0.0,0.0,0.0,0.0,0.0,0.0
0.6898581766687657,0.2592174890484804,14.0,0.75,0.76,0.97,0.1,0.0,14.0,7.0,5.0,4.0,2.0,0.0,0.0,0.0,1.0,0.0,0.0,0.0,0.0,0.0,0.0,0.0,0.0,0.0,0.0,0.0,0.0,0.0,0.0,0.0,0.0,0.0
0.6898581766687657,0.2592174890484804,14.0,0.83,0.85,0.85,0.01,0.0,14.0,3.0,3.0,0.0,0.0,0.0,1.0,0.0,0.0,0.0,0.0,0.0,0.0,0.0,0.0,0.0,0.0,0.0,0.0,0.0,0.0,0.0,0.0,0.0,0.0,0.0
0.6898581766687657,0.2592174890484804,14.0,0.83,0.85,0.85,0.02,0.0,14.0,4.0,7.0,5.0,2.0,1.0,0.0,1.0,0.0,0.0,0.0,0.0,0.0,0.0,0.0,0.0,0.0,0.0,0.0,0.0,0.0,0.0,0.0,0.0,0.0,0.0
0.6898581766687657,0.2592174890484804,14.0,0.83,0.85,0.85,0.03,0.0,14.0,3.0,1.0,1.0,0.0,0.0,0.0,0.0,0.0,0.0,0.0,0.0,0.0,0.0,0.0,0.0,0.0,0.0,0.0,0.0,0.0,0.0,0.0,0.0,0.0,0.0
0.6898581766687657,0.2592174890484804,14.0,0.83,0.85,0.85,0.04,0.0,14.0,0.0,0.0,1.0,3.0,0.0,0.0,0.0,0.0,0.0,0.0,0.0,0.0,0.0,0.0,0.0,0.0,0.0,0.0,0.0,0.0,0.0,0.0,0.0,0.0,0.0
0.6898581766687657,0.2592174890484804,14.0,0.83,0.85,0.85,0.05,0.0,14.0,5.0,0.0,1.0,0.0,0.0,0.0,0.0,0.0,0.0,0.0,0.0,0.0,0.0,0.0,0.0,0.0,0.0,0.0,0.0,0.0,0.0,0.0,0.0,0.0,0.0
0.6898581766687657,0.2592174890484804,14.0,0.83,0.85,0.85,0.06,0.0,14.0,8.0,5.0,2.0,9.0,4.0,1.0,0.0,2.0,0.0,1.0,0.0,0.0,0.0,0.0,0.0,0.0,0.0,0.0,0.0,0.0,0.0,0.0,0.0,0.0,0.0
0.6898581766687657,0.2592174890484804,14.0,0.83,0.85,0.85,0.07,0.0,14.0,4.0,4.0,0.0,1.0,1.0,0.0,0.0,0.0,0.0,0.0,0.0,0.0,0.0,0.0,0.0,0.0,0.0,0.0,0.0,0.0,0.0,0.0,0.0,0.0,0.0
0.6898581766687657,0.2592174890484804,14.0,0.83,0.85,0.85,0.08,0.0,14.0,4.0,8.0,9.0,5.0,3.0,1.0,6.0,0.0,0.0,1.0,1.0,3.0,0.0,0.0,0.0,0.0,0.0,0.0,0.0,0.0,0.0,0.0,0.0,0.0,0.0
0.6898581766687657,0.2592174890484804,14.0,0.83,0.85,0.85,0.09,0.0,14.0,2.0,1.0,2.0,0.0,0.0,0.0,0.0,0.0,0.0,0.0,0.0,0.0,0.0,0.0,0.0,0.0,0.0,0.0,0.0,0.0,0.0,0.0,0.0,0.0,0.0
0.6898581766687657,0.2592174890484804,14.0,0.83,0.85,0.85,0.1,0.0,14.0,1.0,3.0,1.0,2.0,0.0,0.0,0.0,0.0,0.0,0.0,0.0,0.0,0.0,0.0,0.0,0.0,0.0,0.0,0.0,0.0,0.0,0.0,0.0,0.0,0.0
0.6898581766687657,0.2592174890484804,14.0,0.83,0.84,0.99,0.01,0.0,14.0,5.0,1.0,2.0,1.0,1.0,0.0,0.0,0.0,0.0,0.0,0.0,0.0,0.0,0.0,0.0,0.0,0.0,0.0,0.0,0.0,0.0,0.0,0.0,0.0,0.0
0.6898581766687657,0.2592174890484804,14.0,0.83,0.84,0.99,0.02,0.0,14.0,3.0,1.0,0.0,0.0,0.0,0.0,0.0,0.0,0.0,0.0,0.0,0.0,0.0,0.0,0.0,0.0,0.0,0.0,0.0,0.0,0.0,0.0,0.0,0.0,0.0
0.6898581766687657,0.2592174890484804,14.0,0.83,0.84,0.99,0.03,0.0,14.0,5.0,4.0,0.0,1.0,0.0,0.0,0.0,0.0,0.0,0.0,0.0,0.0,0.0,0.0,0.0,0.0,0.0,0.0,0.0,0.0,0.0,0.0,0.0,0.0,0.0
0.6898581766687657,0.2592174890484804,14.0,0.83,0.84,0.99,0.04,0.0,14.0,7.0,2.0,3.0,0.0,1.0,0.0,0.0,0.0,0.0,0.0,0.0,0.0,0.0,0.0,0.0,0.0,0.0,0.0,0.0,0.0,0.0,0.0,0.0,0.0,0.0
0.6898581766687657,0.2592174890484804,14.0,0.83,0.84,0.99,0.05,0.0,14.0,1.0,4.0,3.0,1.0,0.0,0.0,0.0,0.0,0.0,0.0,0.0,0.0,0.0,0.0,0.0,0.0,0.0,0.0,0.0,0.0,0.0,0.0,0.0,0.0,0.0
0.6898581766687657,0.2592174890484804,14.0,0.83,0.84,0.99,0.06,0.0,14.0,3.0,1.0,8.0,0.0,0.0,0.0,0.0,0.0,0.0,0.0,0.0,0.0,0.0,0.0,0.0,0.0,0.0,0.0,0.0,0.0,0.0,0.0,0.0,0.0,0.0
0.6898581766687657,0.2592174890484804,14.0,0.83,0.84,0.99,0.07,0.0,14.0,5.0,3.0,1.0,3.0,2.0,2.0,3.0,3.0,4.0,0.0,4.0,2.0,1.0,0.0,0.0,0.0,0.0,0.0,0.0,0.0,0.0,0.0,0.0,0.0,0.0
0.6898581766687657,0.2592174890484804,14.0,0.83,0.84,0.99,0.08,0.0,14.0,2.0,8.0,1.0,0.0,1.0,1.0,0.0,1.0,0.0,0.0,0.0,0.0,0.0,0.0,0.0,0.0,0.0,0.0,0.0,0.0,0.0,0.0,0.0,0.0,0.0
0.6898581766687657,0.2592174890484804,14.0,0.83,0.84,0.99,0.09,0.0,14.0,4.0,6.0,4.0,0.0,0.0,0.0,1.0,0.0,0.0,0.0,0.0,0.0,0.0,0.0,0.0,0.0,0.0,0.0,0.0,0.0,0.0,0.0,0.0,0.0,0.0
0.6898581766687657,0.2592174890484804,14.0,0.83,0.84,0.99,0.1,0.0,14.0,0.0,1.0,0.0,0.0,0.0,0.0,0.0,0.0,0.0,0.0,0.0,0.0,0.0,0.0,0.0,0.0,0.0,0.0,0.0,0.0,0.0,0.0,0.0,0.0,0.0
0.6898581766687657,0.2592174890484804,14.0,0.67,0.85,0.87,0.01,0.0,14.0,4.0,6.0,6.0,4.0,1.0,3.0,2.0,1.0,0.0,0.0,0.0,0.0,0.0,0.0,0.0,0.0,0.0,0.0,0.0,0.0,0.0,0.0,0.0,0.0,0.0
0.6898581766687657,0.2592174890484804,14.0,0.67,0.85,0.87,0.02,0.0,14.0,8.0,2.0,5.0,0.0,0.0,0.0,0.0,0.0,0.0,0.0,0.0,0.0,0.0,0.0,0.0,0.0,0.0,0.0,0.0,0.0,0.0,0.0,0.0,0.0,0.0
0.6898581766687657,0.2592174890484804,14.0,0.67,0.85,0.87,0.03,0.0,14.0,0.0,0.0,0.0,1.0,1.0,5.0,1.0,0.0,1.0,0.0,0.0,0.0,0.0,0.0,0.0,0.0,0.0,0.0,0.0,0.0,0.0,0.0,0.0,0.0,0.0
0.6898581766687657,0.2592174890484804,14.0,0.67,0.85,0.87,0.04,0.0,14.0,1.0,4.0,4.0,3.0,2.0,4.0,2.0,1.0,4.0,1.0,0.0,0.0,0.0,0.0,0.0,0.0,0.0,0.0,0.0,0.0,0.0,0.0,0.0,0.0,0.0
0.6898581766687657,0.2592174890484804,14.0,0.67,0.85,0.87,0.05,0.0,14.0,4.0,12.0,7.0,2.0,3.0,1.0,0.0,0.0,0.0,0.0,0.0,0.0,0.0,0.0,0.0,0.0,0.0,0.0,0.0,0.0,0.0,0.0,0.0,0.0,0.0
0.6898581766687657,0.2592174890484804,14.0,0.67,0.85,0.87,0.06,0.0,14.0,13.0,7.0,7.0,1.0,1.0,2.0,1.0,0.0,0.0,0.0,0.0,0.0,0.0,0.0,0.0,0.0,0.0,0.0,0.0,0.0,0.0,0.0,0.0,0.0,0.0
0.6898581766687657,0.2592174890484804,14.0,0.67,0.85,0.87,0.07,0.0,14.0,3.0,6.0,6.0,5.0,3.0,3.0,2.0,1.0,1.0,0.0,1.0,0.0,2.0,0.0,0.0,0.0,0.0,0.0,0.0,0.0,0.0,0.0,0.0,0.0,0.0
0.6898581766687657,0.2592174890484804,14.0,0.67,0.85,0.87,0.08,0.0,14.0,4.0,2.0,2.0,2.0,2.0,2.0,2.0,0.0,0.0,0.0,0.0,0.0,0.0,0.0,0.0,0.0,0.0,0.0,0.0,0.0,0.0,0.0,0.0,0.0,0.0
0.6898581766687657,0.2592174890484804,14.0,0.67,0.85,0.87,0.09,0.0,14.0,4.0,2.0,8.0,3.0,5.0,2.0,1.0,2.0,3.0,1.0,0.0,2.0,0.0,0.0,1.0,0.0,0.0,0.0,0.0,0.0,0.0,0.0,0.0,0.0,0.0
0.6898581766687657,0.2592174890484804,14.0,0.67,0.85,0.87,0.1,0.0,14.0,1.0,0.0,0.0,2.0,2.0,3.0,3.0,5.0,4.0,0.0,2.0,1.0,0.0,0.0,0.0,0.0,0.0,0.0,0.0,0.0,0.0,0.0,0.0,0.0,0.0
0.6898581766687657,0.2592174890484804,14.0,0.71,0.78,0.89,0.01,0.0,14.0,10.0,6.0,13.0,5.0,2.0,0.0,0.0,1.0,0.0,0.0,0.0,0.0,0.0,0.0,0.0,0.0,0.0,0.0,0.0,0.0,0.0,0.0,0.0,0.0,0.0
0.6898581766687657,0.2592174890484804,14.0,0.71,0.78,0.89,0.02,0.0,14.0,2.0,1.0,0.0,0.0,0.0,0.0,0.0,0.0,0.0,0.0,0.0,0.0,0.0,0.0,0.0,0.0,0.0,0.0,0.0,0.0,0.0,0.0,0.0,0.0,0.0
0.6898581766687657,0.2592174890484804,14.0,0.71,0.78,0.89,0.03,0.0,14.0,4.0,1.0,2.0,0.0,2.0,2.0,3.0,4.0,0.0,1.0,0.0,0.0,0.0,0.0,0.0,0.0,0.0,0.0,0.0,0.0,0.0,0.0,0.0,0.0,0.0
0.6898581766687657,0.2592174890484804,14.0,0.71,0.78,0.89,0.04,0.0,14.0,2.0,1.0,2.0,1.0,1.0,1.0,0.0,0.0,0.0,0.0,0.0,0.0,0.0,0.0,0.0,0.0,0.0,0.0,0.0,0.0,0.0,0.0,0.0,0.0,0.0
0.6898581766687657,0.2592174890484804,14.0,0.71,0.78,0.89,0.05,0.0,14.0,7.0,8.0,4.0,4.0,3.0,2.0,1.0,0.0,0.0,0.0,1.0,1.0,0.0,0.0,0.0,0.0,0.0,0.0,0.0,0.0,0.0,0.0,0.0,0.0,0.0
0.6898581766687657,0.2592174890484804,14.0,0.71,0.78,0.89,0.06,0.0,14.0,7.0,6.0,8.0,3.0,2.0,0.0,0.0,0.0,1.0,0.0,0.0,0.0,1.0,0.0,0.0,0.0,0.0,0.0,0.0,0.0,0.0,0.0,0.0,0.0,0.0
0.6898581766687657,0.2592174890484804,14.0,0.71,0.78,0.89,0.07,0.0,14.0,4.0,4.0,0.0,0.0,0.0,0.0,0.0,0.0,0.0,0.0,0.0,0.0,0.0,0.0,0.0,0.0,0.0,0.0,0.0,0.0,0.0,0.0,0.0,0.0,0.0
0.6898581766687657,0.2592174890484804,14.0,0.71,0.78,0.89,0.08,0.0,14.0,3.0,3.0,1.0,2.0,0.0,0.0,0.0,0.0,0.0,0.0,0.0,0.0,0.0,0.0,0.0,0.0,0.0,0.0,0.0,0.0,0.0,0.0,0.0,0.0,0.0
0.6898581766687657,0.2592174890484804,14.0,0.71,0.78,0.89,0.09,0.0,14.0,5.0,7.0,5.0,9.0,9.0,8.0,7.0,5.0,2.0,4.0,1.0,0.0,0.0,0.0,0.0,0.0,0.0,0.0,0.0,0.0,0.0,0.0,0.0,0.0,0.0
0.6898581766687657,0.2592174890484804,14.0,0.71,0.78,0.89,0.1,0.0,14.0,3.0,3.0,0.0,1.0,0.0,0.0,0.0,0.0,0.0,0.0,0.0,0.0,0.0,0.0,0.0,0.0,0.0,0.0,0.0,0.0,0.0,0.0,0.0,0.0,0.0
0.6898581766687657,0.2592174890484804,14.0,0.85,0.85,0.85,0.01,0.0,14.0,5.0,1.0,4.0,0.0,3.0,0.0,2.0,1.0,0.0,0.0,0.0,0.0,0.0,0.0,0.0,0.0,0.0,0.0,0.0,0.0,0.0,0.0,0.0,0.0,0.0
0.6898581766687657,0.2592174890484804,14.0,0.85,0.85,0.85,0.02,0.0,14.0,2.0,5.0,2.0,2.0,0.0,0.0,2.0,0.0,0.0,0.0,0.0,0.0,0.0,0.0,0.0,0.0,0.0,0.0,0.0,0.0,0.0,0.0,0.0,0.0,0.0
0.6898581766687657,0.2592174890484804,14.0,0.85,0.85,0.85,0.03,0.0,14.0,5.0,2.0,0.0,0.0,2.0,0.0,0.0,0.0,0.0,0.0,0.0,0.0,0.0,0.0,0.0,0.0,0.0,0.0,0.0,0.0,0.0,0.0,0.0,0.0,0.0
0.6898581766687657,0.2592174890484804,14.0,0.85,0.85,0.85,0.04,0.0,14.0,7.0,11.0,9.0,3.0,3.0,5.0,3.0,2.0,0.0,0.0,0.0,0.0,0.0,0.0,0.0,0.0,0.0,0.0,0.0,0.0,0.0,0.0,0.0,0.0,0.0
0.6898581766687657,0.2592174890484804,14.0,0.85,0.85,0.85,0.05,0.0,14.0,3.0,5.0,5.0,8.0,2.0,8.0,1.0,3.0,1.0,1.0,0.0,0.0,0.0,0.0,0.0,0.0,0.0,0.0,0.0,0.0,0.0,0.0,0.0,0.0,0.0
0.6898581766687657,0.2592174890484804,14.0,0.85,0.85,0.85,0.06,0.0,14.0,1.0,1.0,1.0,0.0,0.0,0.0,0.0,0.0,0.0,0.0,0.0,0.0,0.0,0.0,0.0,0.0,0.0,0.0,0.0,0.0,0.0,0.0,0.0,0.0,0.0
0.6898581766687657,0.2592174890484804,14.0,0.85,0.85,0.85,0.07,0.0,14.0,1.0,1.0,0.0,0.0,0.0,0.0,0.0,0.0,0.0,0.0,0.0,0.0,0.0,0.0,0.0,0.0,0.0,0.0,0.0,0.0,0.0,0.0,0.0,0.0,0.0
0.6898581766687657,0.2592174890484804,14.0,0.85,0.85,0.85,0.08,0.0,14.0,7.0,5.0,7.0,4.0,5.0,3.0,2.0,6.0,1.0,4.0,3.0,1.0,0.0,0.0,0.0,1.0,0.0,0.0,0.0,0.0,0.0,0.0,0.0,0.0,0.0
0.6898581766687657,0.2592174890484804,14.0,0.85,0.85,0.85,0.09,0.0,14.0,9.0,6.0,8.0,5.0,4.0,1.0,3.0,0.0,0.0,0.0,0.0,0.0,1.0,0.0,0.0,0.0,0.0,0.0,0.0,0.0,0.0,0.0,0.0,0.0,0.0
0.6898581766687657,0.2592174890484804,14.0,0.85,0.85,0.85,0.1,0.0,14.0,1.0,2.0,4.0,0.0,0.0,0.0,0.0,0.0,0.0,0.0,0.0,0.0,0.0,0.0,0.0,0.0,0.0,0.0,0.0,0.0,0.0,0.0,0.0,0.0,0.0
0.6898581766687657,0.2592174890484804,14.0,0.64,0.86,0.9,0.01,0.0,14.0,4.0,5.0,0.0,1.0,0.0,0.0,0.0,0.0,0.0,0.0,0.0,0.0,0.0,0.0,0.0,0.0,0.0,0.0,0.0,0.0,0.0,0.0,0.0,0.0,0.0
0.6898581766687657,0.2592174890484804,14.0,0.64,0.86,0.9,0.02,0.0,14.0,2.0,3.0,2.0,1.0,1.0,0.0,1.0,0.0,0.0,0.0,0.0,0.0,0.0,0.0,0.0,0.0,0.0,0.0,0.0,0.0,0.0,0.0,0.0,0.0,0.0
0.6898581766687657,0.2592174890484804,14.0,0.64,0.86,0.9,0.03,0.0,14.0,3.0,2.0,1.0,2.0,5.0,0.0,2.0,0.0,1.0,0.0,0.0,0.0,0.0,0.0,0.0,0.0,0.0,0.0,0.0,0.0,0.0,0.0,0.0,0.0,0.0
0.6898581766687657,0.2592174890484804,14.0,0.64,0.86,0.9,0.04,0.0,14.0,3.0,1.0,2.0,6.0,2.0,3.0,0.0,1.0,1.0,0.0,0.0,0.0,0.0,0.0,0.0,0.0,0.0,0.0,0.0,0.0,0.0,0.0,0.0,0.0,0.0
0.6898581766687657,0.2592174890484804,14.0,0.64,0.86,0.9,0.05,0.0,14.0,5.0,5.0,0.0,1.0,0.0,0.0,0.0,0.0,0.0,0.0,0.0,0.0,0.0,0.0,0.0,0.0,0.0,0.0,0.0,0.0,0.0,0.0,0.0,0.0,0.0
0.6898581766687657,0.2592174890484804,14.0,0.64,0.86,0.9,0.06,0.0,14.0,16.0,3.0,5.0,4.0,2.0,4.0,1.0,2.0,0.0,0.0,0.0,0.0,0.0,0.0,0.0,0.0,0.0,0.0,0.0,0.0,0.0,0.0,0.0,0.0,0.0
0.6898581766687657,0.2592174890484804,14.0,0.64,0.86,0.9,0.07,0.0,14.0,1.0,1.0,4.0,1.0,1.0,0.0,0.0,0.0,0.0,0.0,0.0,0.0,0.0,0.0,0.0,0.0,0.0,0.0,0.0,0.0,0.0,0.0,0.0,0.0,0.0
0.6898581766687657,0.2592174890484804,14.0,0.64,0.86,0.9,0.08,0.0,14.0,3.0,3.0,1.0,1.0,3.0,5.0,0.0,0.0,2.0,3.0,3.0,1.0,1.0,0.0,0.0,0.0,0.0,0.0,0.0,0.0,0.0,0.0,0.0,0.0,0.0
0.6898581766687657,0.2592174890484804,14.0,0.64,0.86,0.9,0.09,0.0,14.0,4.0,6.0,3.0,1.0,0.0,1.0,0.0,0.0,0.0,0.0,0.0,0.0,0.0,0.0,0.0,0.0,0.0,0.0,0.0,0.0,0.0,0.0,0.0,0.0,0.0
0.6898581766687657,0.2592174890484804,14.0,0.64,0.86,0.9,0.1,0.0,14.0,2.0,0.0,0.0,0.0,0.0,0.0,0.0,0.0,0.0,0.0,0.0,0.0,0.0,0.0,0.0,0.0,0.0,0.0,0.0,0.0,0.0,0.0,0.0,0.0,0.0
0.6898581766687657,0.2592174890484804,14.0,0.73,0.86,0.97,0.01,0.0,14.0,0.0,3.0,2.0,0.0,0.0,0.0,0.0,0.0,0.0,0.0,0.0,0.0,0.0,0.0,0.0,0.0,0.0,0.0,0.0,0.0,0.0,0.0,0.0,0.0,0.0
0.6898581766687657,0.2592174890484804,14.0,0.73,0.86,0.97,0.02,0.0,14.0,6.0,2.0,1.0,1.0,0.0,0.0,0.0,0.0,0.0,0.0,0.0,0.0,0.0,0.0,0.0,0.0,0.0,0.0,0.0,0.0,0.0,0.0,0.0,0.0,0.0
0.6898581766687657,0.2592174890484804,14.0,0.73,0.86,0.97,0.03,0.0,14.0,2.0,0.0,0.0,0.0,0.0,0.0,0.0,0.0,0.0,0.0,0.0,0.0,0.0,0.0,0.0,0.0,0.0,0.0,0.0,0.0,0.0,0.0,0.0,0.0,0.0
0.6898581766687657,0.2592174890484804,14.0,0.73,0.86,0.97,0.04,0.0,14.0,3.0,1.0,0.0,0.0,0.0,0.0,0.0,0.0,0.0,0.0,0.0,0.0,0.0,0.0,0.0,0.0,0.0,0.0,0.0,0.0,0.0,0.0,0.0,0.0,0.0
0.6898581766687657,0.2592174890484804,14.0,0.73,0.86,0.97,0.05,0.0,14.0,3.0,5.0,2.0,1.0,0.0,0.0,0.0,0.0,0.0,0.0,0.0,0.0,0.0,0.0,0.0,0.0,0.0,0.0,0.0,0.0,0.0,0.0,0.0,0.0,0.0
0.6898581766687657,0.2592174890484804,14.0,0.73,0.86,0.97,0.06,0.0,14.0,5.0,4.0,5.0,2.0,1.0,4.0,0.0,0.0,0.0,0.0,0.0,0.0,0.0,0.0,0.0,0.0,0.0,0.0,0.0,0.0,0.0,0.0,0.0,0.0,0.0
0.6898581766687657,0.2592174890484804,14.0,0.73,0.86,0.97,0.07,0.0,14.0,9.0,0.0,2.0,0.0,0.0,0.0,0.0,0.0,0.0,0.0,0.0,0.0,0.0,0.0,0.0,0.0,0.0,0.0,0.0,0.0,0.0,0.0,0.0,0.0,0.0
0.6898581766687657,0.2592174890484804,14.0,0.73,0.86,0.97,0.08,0.0,14.0,2.0,3.0,1.0,1.0,1.0,1.0,0.0,0.0,0.0,0.0,0.0,0.0,0.0,0.0,0.0,0.0,0.0,0.0,0.0,0.0,0.0,0.0,0.0,0.0,0.0
0.6898581766687657,0.2592174890484804,14.0,0.73,0.86,0.97,0.09,0.0,14.0,5.0,3.0,3.0,6.0,1.0,0.0,0.0,0.0,0.0,0.0,0.0,0.0,0.0,0.0,0.0,0.0,0.0,0.0,0.0,0.0,0.0,0.0,0.0,0.0,0.0
0.6898581766687657,0.2592174890484804,14.0,0.73,0.86,0.97,0.1,0.0,14.0,1.0,1.0,2.0,0.0,0.0,1.0,0.0,0.0,0.0,0.0,0.0,0.0,0.0,0.0,0.0,0.0,0.0,0.0,0.0,0.0,0.0,0.0,0.0,0.0,0.0
