inf_prob,diag_prob,i0,vaccine_efficacy1,vaccine_efficacy2,infection_efficacy,first_outbreak_size,0,1,2,3,4,5,6,7,8,9,10,11,12,13,14,15,16,17,18,19,20,21,22,23,24,25
0.6763624580024703,0.241466972683606,15.0,0.64,0.8,0.0,8021.0,1.6447963167679511,1.4753077635332725,0.6679022655123414,0.3946525445761885,0.5247992830883804,0.2344699505061897,0.7260249245124939,0.4122052807674277,1.3349589589394457,1.2148406696365477,0.8105473091614961,0.8735623091649539,1.4810401127513086,1.5105381387004035,0.8434006549301054,1.5411712983033508,1.331784025773886,1.3177528035303117,1.2036344498114233,1.1046579586587983,0.8237304814981963,0.8642484435843957,0.9328735522853113,1.1012737403876445,1.0273708475822994,0.950101360481666
0.6763624580024703,0.241466972683606,15.0,0.64,0.8,0.0,8021.0,1.7084954098764409,1.43036529972031,1.7604773090433745,1.2083452728583475,1.3379273009008754,0.8868454792664693,1.1404467910199383,1.1309685720782379,0.8410147860461524,0.9253096336922746,1.0591316655764318,1.0162093505511278,0.9863111477783805,0.8900529463436708,0.8675504098926944,0.7949603751009185,0.642348368435168,0.6872736346710073,0.6601372949211367,0.6273169552763396,0.5725124309685927,0.5466340723458043,0.5701344397260519,0.6584616570907417,0.5130937891188886,0.472146463613101
0.6763624580024703,0.241466972683606,15.0,0.64,0.8,0.0,8021.0,2.0180920895264065,1.8237493721374256,1.433379753608563,1.0709209770127501,1.0665990960321234,0.6497140530769085,1.5259661308324721,1.282324951810982,1.1502855879508445,1.090517768793039,1.1441109158094762,1.093624239434755,1.0033022670474179,0.9296894603288198,0.9167579056041445,0.9813662522894644,0.8366731800098139,0.7998985230962008,0.7658926415962796,0.6741179344511781,0.646964439026565,0.6741342672043931,0.545010208092301,0.5368975713204882,0.4721064995392013,0.5100374574381855
0.6763624580024703,0.241466972683606,15.0,0.64,0.8,0.0,8021.0,0.9457919189748112,1.0655079969948316,1.124557324399937,1.503008435722191,1.3369529430326466,1.094407850703379,1.0583943457863545,1.144098669848825,0.983919108474071,1.0099467647307099,0.9295729970597213,0.8870174998560646,0.8413857486463214,0.8031252530388935,0.7217178881793131,0.6759287695825579,0.5918244881400899,0.6007805904939744,0.5660466242861992,0.5617572460766731,0.5418101362669621,0.5465542611946765,0.49106473542654633,0.4578065228391144,0.5567292873018375,0.4326652028339012
0.6763624580024703,0.241466972683606,15.0,0.64,0.8,0.0,8021.0,1.2494787407482215,0.7388025274863191,1.2900820729857088,1.1947893124189293,1.2541515515905024,1.3307376437649758,1.2357835984099885,1.1938331562472917,1.1647610300337208,1.0490165301257683,1.080677912313935,0.9122692937692964,0.8786054956351987,0.7977687599477103,0.8169700336472152,0.7543170331976327,0.6851067201165831,0.8051521484478632,0.7664915692057082,0.7709362017664845,0.6785882578407928,0.604456007526562,0.5973026247371772,0.5912545214395377,0.4783514329723064,0.45644912326586196
0.6763624580024703,0.241466972683606,15.0,0.64,0.8,0.0,8021.0,1.7167578862797384,0.8158654475058994,0.9755641575106936,1.3110225879491308,1.2597217384103412,1.1262917853295749,0.9890015217336816,1.3266900507649877,1.2841215876946757,1.0546508405851924,0.9702039188575138,1.0383064551493453,1.023145012821441,0.9508685228070708,0.8755544857184842,0.8224154703642998,0.8597662291783397,0.8367527694144107,0.7315432376182819,0.718545596492322,0.6022541621979466,0.5969257349694485,0.566997010425387,0.5315713315518054,0.5419146329146186,0.5543765547350192
0.6763624580024703,0.241466972683606,15.0,0.64,0.8,0.0,8021.0,2.068041785917835,1.0506686472242384,0.9898373197107316,1.0166237534871159,1.4463742744950774,1.3945095946481265,1.3049040153441596,1.1472847979573857,1.1686751712462682,1.0830708123620194,1.0108160302397562,0.9865858240672563,0.9386881864513248,0.8675838173053323,0.8094577010725027,0.7637334013350475,0.7745513654563206,0.732372761294076,0.6922337215790065,0.7030363775406692,0.6493627279885565,0.5236804101130883,0.5186026193373438,0.5183294147335681,0.4980774487071097,0.4202319217480203
0.6763624580024703,0.241466972683606,15.0,0.64,0.8,0.0,8021.0,1.376084396963906,1.1357409000533976,1.7173670243054673,1.2451777507092447,1.1276674327859024,1.404618564597002,1.1657754772681261,1.1989016941410844,0.9037254342401894,1.0805893874914634,1.0477368468580055,1.0181970799046511,0.8754973957202978,0.8455964837259151,0.7585037224928349,0.7127678593729818,0.7614463217455543,0.7129246673167781,0.6215835979311197,0.6106697797060479,0.5346097431241035,0.48723524901198517,0.49799595246642675,0.4718640886290501,0.5144851039371847,0.43903441489385225
0.6763624580024703,0.241466972683606,15.0,0.64,0.8,0.0,8021.0,1.2849622599595532,0.9224756269519749,0.8854691296771098,0.8957741592503897,0.9491477881625302,1.3446384535294817,1.1536320118204608,1.1789013208217818,1.0858093768286465,1.0539574786069588,1.0360996402886298,0.9186501564568826,0.8769560486023851,0.7680652304759408,0.7875630379995543,0.737316762812848,0.6234365557136846,0.6009027213337036,0.6081759331373798,0.6157513552971233,0.5521447778401054,0.552297101396399,0.5141818593545059,0.5538917765213942,0.47105937432379363,0.3647047072365064
0.6763624580024703,0.241466972683606,15.0,0.64,0.8,0.0,8021.0,1.2775694642190174,1.1152011146693845,1.143321575763513,1.4745967411881167,1.162350330324247,0.9114153871721924,1.2430387913095573,1.1450508707818572,1.1405459993306106,1.0131306671689337,1.0145300271556228,0.9931224710003106,1.1232411213147226,1.0282916629510719,0.8786334290350178,0.8616421552210443,0.7953644726494822,0.6861999526838519,0.5848358140739602,0.6467292339456508,0.5723229879978491,0.621742800054922,0.5866880664658489,0.5883484627685995,0.5661733142570733,0.5127632839466085
0.6763624580024703,0.241466972683606,15.0,0.72,0.76,0.0,8021.0,1.2289355835290399,1.1404388311625995,0.8949653148154133,1.5351760418311071,1.653251453619338,1.0071501193741972,1.0077819626670954,1.2236083770778161,1.3323589069966415,0.9980478023114553,0.8838433022803437,1.1397312196711047,1.050324394209995,0.9134732195555425,1.028566231200804,1.0150051596770706,0.9602795553720199,0.9484447597295277,0.9460886318605725,0.9211821385075464,0.8373852483534281,0.8161106811895046,0.8216537053507627,0.7274885019675631,0.776276598828067,0.7022239144177607
0.6763624580024703,0.241466972683606,15.0,0.72,0.76,0.0,8021.0,1.108874108194987,0.6222148550913105,0.8685013240290961,1.123887734188182,0.9093458402634962,1.2087309020780461,1.2251051237463728,1.1946227184696097,1.1439354834995703,1.1296750601613732,1.180402684651148,1.0038326057919553,1.0040274891818075,0.9874080519664868,0.9993355388677946,0.796693838032297,0.7971150099003956,0.8133182662151618,0.8467165858838168,0.7439118246053432,0.719782398692304,0.8056142699280353,0.6923534424963176,0.6224710438597129,0.5790472200427847,0.6363871486023779
0.6763624580024703,0.241466972683606,15.0,0.72,0.76,0.0,8021.0,1.6082170054419682,1.2367622218454495,0.9328723256643467,1.1184960820395564,1.1746878575672595,0.9594495492089492,0.7794592326334904,1.240169478736854,1.199828818959893,1.1839279990853406,1.1244355614480637,0.9731641950925056,1.060402721531696,0.9843187548021404,0.9896645187735162,0.8380311047572828,0.8031025930515142,0.7034522391527246,0.7566632019653602,0.643000610146351,0.6360962604803992,0.6302607228082839,0.5754362450940737,0.5641506004546879,0.5222209286067578,0.4845651509583242
0.6763624580024703,0.241466972683606,15.0,0.72,0.76,0.0,8021.0,1.7484268964506364,1.334675176037627,1.4895284133568856,1.6836002582358702,0.9114511943453062,0.7635153968249716,1.0488258158872032,1.254674174710738,1.1691609374990386,1.0969110079475073,1.0570772756567144,0.9790434428780889,0.9672666696015946,0.9359821251002662,0.8893947536727784,0.8185159999196391,0.8339855669082678,0.7260636243790634,0.6749656831175123,0.6742510706967308,0.6059185589425916,0.6061396432129755,0.4890937590713303,0.5048980342696402,0.587324734115036,0.6672887536221427
0.6763624580024703,0.241466972683606,15.0,0.72,0.76,0.0,8021.0,1.094989049750169,1.1570397116431435,1.2933937729939697,0.9299666525445517,1.3901655631856455,0.8899743187768763,1.4337533321506792,1.6504736152728483,0.9888803522435904,0.9095450660358285,1.2949392388091014,0.9556785919251333,1.0272565521180976,0.5213604220328979,1.0285233829004652,0.9659182901362336,0.9619692030611261,1.223096851940571,1.2651166090547068,1.12127988868168,1.11044348603861,1.0806902909360114,1.0380687505719317,0.9822552001472801,0.8648215839530667,0.8301912634700259
0.6763624580024703,0.241466972683606,15.0,0.72,0.76,0.0,8021.0,1.088317610461821,0.6963622404466816,0.7240262146525104,1.291602492572917,1.3646614500336294,1.1116195933015733,1.3850457188157614,1.0693053034040638,1.0059933970679933,0.7519625121712648,1.0606090669105763,1.1137257578200948,1.1937029968229105,1.0172313458826656,0.9545088445718797,0.9651000030224386,0.8622043654627367,0.7706686160527514,0.8539376860917831,0.7882374504913601,0.7648376993384196,0.7489290728929217,0.605334771830454,0.6079554540920594,0.6115412608006249,0.65362568232645
0.6763624580024703,0.241466972683606,15.0,0.72,0.76,0.0,8021.0,1.17220652565509,0.9729179790303283,0.7099961437292932,1.5744822850877347,1.2753101221334417,0.8421031647087599,1.0139755460845719,1.2973493205984954,1.3675415573746972,1.1218788419781291,0.9801911085216971,1.2100910843256756,1.0280059825613923,0.9180849269089657,0.9347832605987745,0.9801028262634871,0.9326717454837193,1.0195414980447617,0.8897318252653232,0.8532695900140863,0.8396020795852251,0.7998780833597623,0.7266071874937636,0.7624705562771398,0.6685161560003585,0.6232111868510486
0.6763624580024703,0.241466972683606,15.0,0.72,0.76,0.0,8021.0,1.5445667632217541,0.9661600928997711,0.5353183617664683,0.6821398038553079,0.9887360422538983,0.8192579740141452,1.0759476690716385,1.366548733766976,0.8174086269999474,0.8129822765197428,0.9808519271905295,1.2418691854870254,1.2130180006901867,1.1151382316703864,0.987339141762673,1.0249008612382677,0.9822510222185626,0.9725506612341898,0.94782348618835,0.8554171887746459,0.923360202951059,0.8846190492918885,0.7882248976478611,0.7681003954485071,0.7290899207429096,0.6430524629059065
0.6763624580024703,0.241466972683606,15.0,0.72,0.76,0.0,8021.0,1.285252924041658,1.0951461841011987,1.5226329558951528,1.0448349881389887,0.8130517323153248,1.4025312099412892,1.1867689424458672,0.8083162673373493,1.123252344999344,1.0934189025896173,1.013545609978817,1.0718571563044672,0.9933839968955006,1.026842209216097,1.0346028196674886,0.9507570948482891,0.893332221838825,0.891309029895548,0.880453513349171,0.7916724113588274,0.7386744395198864,0.6911736614346523,0.6816897034798202,0.6397961100496048,0.6819227112806435,0.7106176402430004
0.6763624580024703,0.241466972683606,15.0,0.72,0.76,0.0,8021.0,1.2354596033015,0.6088737991034284,1.0902882080158753,1.2050235568708203,1.1158419656684533,1.1203499920716555,0.8634571910077466,0.990826280020084,0.8691067231354953,1.125874872486603,0.9332330448885763,1.0769121501860484,0.7958927136384404,0.9013865577249353,0.8829443763475474,0.8025261482811996,0.780620737799472,0.7052322569173345,0.7767942472790816,0.6985372758257566,0.6753555266648309,0.634970188707358,0.6437002017689539,0.6156733903323001,0.5839466990526759,0.6348681769586279
0.6763624580024703,0.241466972683606,15.0,0.82,0.83,0.0,8021.0,0.8401730777915953,0.936521809472834,1.1388095997433614,1.3062000686275779,1.19920455320761,1.082749463773982,1.273743271617681,1.163344837378095,1.0077030301806802,1.0796836055832273,1.015756803772628,0.9580203405264867,0.8236721126835125,0.912364991464409,0.9468919669654491,0.8805925956331542,0.8358737306987265,0.8054738349991369,0.7503888199442288,0.6899656653632505,0.6225104230315748,0.7026498122607269,0.6960070400343902,0.7223518269229181,0.705369587419018,0.5822103707664787
0.6763624580024703,0.241466972683606,15.0,0.82,0.83,0.0,8021.0,1.7359841964734195,0.7347892731196448,1.0358549157474066,0.7505571477849364,0.7555393373700837,1.110598263422967,1.151184945369912,1.1538306016916038,0.8094933329286497,0.8950242765770507,1.3600211655037935,1.1617561777949041,0.964237414767084,0.9532769908326926,1.0598889856797975,0.9434388673012534,1.0392199036472896,0.8364105791701409,0.9002102169370869,0.916581137300439,0.7612841299371657,0.7352311087321461,0.6765018615209304,0.634483311768532,0.5996695573871766,0.6189500775606217
0.6763624580024703,0.241466972683606,15.0,0.82,0.83,0.0,8021.0,1.4477991812425863,1.5979294343567239,1.2637962845114545,1.2970284889183228,0.9599249715073588,1.4117706134445387,1.4302612648292428,1.2983691384400562,1.210298264782015,1.1046647252297643,0.9484034847575563,1.16965180099522,0.9906805644767646,0.9947265677602396,0.9758322483952581,0.8375589565950236,0.8601314743002964,0.8473333351092127,0.8222124827511402,0.8126788963531686,0.7186902666174168,0.7231919276524811,0.6695689134182369,0.6047290996069599,0.585175327416499,0.5076203102721785
0.6763624580024703,0.241466972683606,15.0,0.82,0.83,0.0,8021.0,1.8856316226763026,1.4046425747872644,1.3788858922262064,1.2926538754312173,1.3169544957144226,1.1927724508787996,1.0915480080983158,1.0457684431467664,0.9513961466188459,0.9617140781826308,0.9147238989886245,0.8681772080945487,0.9033784804850075,0.8421309290054422,0.8164935951253419,0.8336274577760415,0.707048928420276,0.7264340496234067,0.7491397048491825,0.7108990581271424,0.5878539752367492,0.529633974957362,0.47983188303314467,0.5459849561186748,0.6304115048869204,0.6314815086224979
0.6763624580024703,0.241466972683606,15.0,0.82,0.83,0.0,8021.0,1.906854192184487,1.6944707380647759,1.2507079318267937,1.0895277620026322,1.2739905242347207,0.8822777307717674,1.3224621451144856,1.4363250135728576,1.0244995435390938,1.131715362506887,0.9802574859221588,0.9806456784325317,1.0054275766849803,0.8738474453524026,0.9073124763912775,0.8959273179599969,0.843923770856497,0.7839773504948375,0.7675359157690649,0.6871011107424331,0.597067827352263,0.6144935888510037,0.5672197093233653,0.48713216624600425,0.5603011040752705,0.5299925731434844
0.6763624580024703,0.241466972683606,15.0,0.82,0.83,0.0,8021.0,1.1067244674167218,0.9719323636166268,0.5785950600383865,0.8741737498102121,1.024943333662642,0.6405405366181605,0.9413450798784867,1.2152905231658766,1.3410975044668756,1.4203889260974607,1.1120498208810494,1.010235361897303,1.0203718081637057,1.0042893773271513,0.9078916131139122,0.8740410577718913,0.8400960455079682,0.8204033867743044,0.7122562415473674,0.7412490762052787,0.6390484774278168,0.6202940226490029,0.6217794481151762,0.5922329641940369,0.5363105979762427,0.6198417103440275
0.6763624580024703,0.241466972683606,15.0,0.82,0.83,0.0,8021.0,1.5638350037547792,1.5012588673118505,1.4672490409881345,0.7945168980241246,0.9168342075553993,0.7611496701092413,1.0252156035643736,0.9498991667623482,1.2873003047654417,1.3405511886939925,1.092763945471918,0.9133636709446545,0.9307960968501484,0.954754956850813,0.8493321997468346,0.8767480781214007,0.8864410067307604,0.7285671867553731,0.6876632299586968,0.8241465029724073,0.7386042797560268,0.6669084541128218,0.602634506247056,0.6557349735921475,0.6552755517203696,0.6436029838819584
0.6763624580024703,0.241466972683606,15.0,0.82,0.83,0.0,8021.0,2.021290614952513,1.4267194526665026,1.1543967443252656,1.4068812094003096,1.168366791156718,1.1030253621107315,1.2114446307438906,0.9395287894521474,0.9789656767706504,1.1414411553080777,1.1544893747937115,1.0254152724808498,1.0145438548463275,0.9528372136722995,0.9225345878164547,0.8063463241033021,0.8392208434468571,0.8011203115062243,0.7964209848418224,0.714298894337655,0.5585166627457483,0.5406215863701357,0.5570720576360798,0.5219395702485315,0.5090321138069094,0.49060480337578793
0.6763624580024703,0.241466972683606,15.0,0.82,0.83,0.0,8021.0,1.5917519011790895,1.1294337758433268,0.9939555217109199,0.1726776567715646,0.2900443450607898,0.9106713775806342,0.3283697163712056,0.881861652965634,0.8284940076800308,0.38769564689060654,0.38566620250297134,0.12807769199437471,1.1325008841357789,1.1919413859609156,1.576151725977932,0.6999596841868567,0.94640552471223,1.2436632678276551,1.3225509092489394,0.9435558615751197,1.0060803536697285,1.120303297643825,0.9408248387835013,1.0085095670807238,1.0339093462484075,1.0225473046011975
0.6763624580024703,0.241466972683606,15.0,0.82,0.83,0.0,8021.0,2.214822841978888,1.569583166332212,1.367311616446696,1.384926952815219,1.4959433595290517,1.5082686929677107,0.5108837233767283,1.351420751717209,0.715678879972864,1.1332004113172591,1.2166071976012014,0.9790018778167235,1.0690458430392402,1.2767073588833417,1.1939287082927086,1.0387540154230255,0.8746128336111968,0.9470400017831044,0.9700014461340759,1.0602938753648468,0.9990514490813479,1.0689305746213151,1.063362016661537,0.8744691281854422,0.8780886647930305,0.7936570742790182
0.6763624580024703,0.241466972683606,15.0,0.87,0.91,0.0,8021.0,2.034554046701316,1.5779531047111248,1.6750139695437056,1.554424354237968,1.1443627486224563,1.0022546143847009,1.0873965358750801,0.9895517497898361,1.2407407724971329,1.0915364190373225,1.2171743166596365,1.101505125606059,0.8823611878300769,0.9177764826934594,0.9636254939977895,0.9289227108885576,0.9175286283041468,1.0059581816601477,0.9497395561970121,0.8359635559545545,0.7389958007056486,0.7958392247205419,0.7038918028576784,0.6669009643532294,0.628604402138733,0.6260342395942418
0.6763624580024703,0.241466972683606,15.0,0.87,0.91,0.0,8021.0,1.372194730014478,0.8716889535720496,0.9193187424810315,1.3101782567220124,1.2335923164780358,1.1452822796427964,1.025236496973319,0.9692487921254932,1.0408246351087167,1.27799940330395,0.8730092511684698,0.9223547412072862,0.9709245205542953,0.9493924891931617,0.9772906865728854,0.8722951104193416,0.7471382401290283,0.7678851161703092,0.7980025717108419,0.8442867745704471,0.7684039385034629,0.795912002165198,0.6771978863680104,0.5757345153979787,0.6414922186226891,0.5713951972965121
0.6763624580024703,0.241466972683606,15.0,0.87,0.91,0.0,8021.0,1.0977749362405098,0.8923957470074563,1.2203948773952464,1.1795415863498462,1.2988769111713703,1.2038425786375675,0.8708067648408584,1.1297957817794808,1.1249241540542296,0.8663846607028792,1.0369324091269712,0.85256450275928,1.2617592123452905,1.0832271832421172,0.9376697737535532,0.8799123585779864,0.8720935792581462,0.7960714340540814,0.9949447159146408,0.7887731297567132,0.8351760375260118,0.8054472530742006,0.7373433384017274,0.743645464458513,0.7743997385129237,0.7576369723904024
0.6763624580024703,0.241466972683606,15.0,0.87,0.91,0.0,8021.0,0.8501587652580354,0.6928219403055892,1.4936340829884944,1.5204389775780502,1.2029584933868631,0.7875057153350024,1.176514861062818,1.0731453700891391,1.111086256503488,0.9930076308631739,1.1933818750586551,1.2381914083100427,1.0826557079423513,1.122769068740405,0.9769726549809848,0.8434914442254292,0.8687275879861659,0.7718743885166659,0.8056321265900583,0.6934747674516554,0.7123643105614597,0.6426506520148123,0.6644009256412725,0.5628897539628348,0.6716297243852607,0.6778056200741079
0.6763624580024703,0.241466972683606,15.0,0.87,0.91,0.0,8021.0,1.5612468633031007,1.4330589324909337,1.3051812051862568,1.1165141733903516,0.9176128414452285,0.624842552212942,0.8454270803860848,1.0342274777738822,1.2711930547441972,0.8298486659412694,0.9111890671364199,0.7792480979903106,1.018452922341383,1.134470781519582,1.2122600434905466,1.1025429888734841,1.126046774686457,1.0361983953674143,0.9204040031097142,0.9117044283669561,0.8627618493912365,0.7688439352208191,0.6818417294201146,0.6831740115325331,0.7483023737251764,0.6725364452034979
0.6763624580024703,0.241466972683606,15.0,0.87,0.91,0.0,8021.0,1.9612820215812112,1.4590390479068382,0.7110925430524532,0.8521576057002409,0.8869764034877149,1.4389169963738686,0.8630364943449313,1.2538555752982503,1.081810186298847,1.0580493172340393,1.015503039743086,0.9967365473283868,1.360607727484022,1.2815859236300022,1.1996926680221527,1.0797736778228784,0.9556138906686853,0.9750079410891974,0.8739127231525354,0.9351769157465125,0.9374415646500864,1.0300303353295623,0.8479531537245165,0.9070023132764288,0.7197024485662193,0.7619351365069016
0.6763624580024703,0.241466972683606,15.0,0.87,0.91,0.0,8021.0,0.9513763998956624,0.5891065071697161,0.6725353526457627,1.0398591448226648,0.19833017531024355,1.5169509044181078,1.0503787973243706,0.29403162078539047,0.0,0.0,0.0,0.0,0.0,0.0,0.0,0.0,0.0,0.0,0.0,0.0,0.0,0.0,0.0,0.0,0.0,0.0
0.6763624580024703,0.241466972683606,15.0,0.87,0.91,0.0,8021.0,1.4329765940133998,1.2168309568765991,0.8424851805532049,1.4608966781961095,1.1904529315831485,1.4923916156061454,1.2871989817458993,1.3006924106951556,1.2037077678647101,0.9289351987640125,0.9495302043738113,1.1413689244436391,0.9697762447949899,0.9439763853719269,0.9168191103720692,0.7413562966893852,0.8320756162464779,0.8049242328132562,0.7113096716281162,0.6852923117402242,0.6760531162863592,0.6705480838129961,0.6960384818930556,0.6016396129097068,0.5360714305066606,0.6334319967756917
0.6763624580024703,0.241466972683606,15.0,0.87,0.91,0.0,8021.0,1.030921695627814,0.8254233230912362,0.3978845196219378,1.3655281633904781,0.7148880514312737,1.5198309013212266,1.2873478816436918,0.9175951128708506,1.145902249131768,0.6577014213858621,1.0835624893481337,1.4415385345942717,1.1746128375835116,1.2149665591360383,1.1790940444452422,0.9920608659619462,0.9136624765141715,0.854621185759877,0.0,0.8591586666888003,0.8560172022033804,0.8144978903341155,0.9225399452164602,0.7398550096468394,0.6710827910473459,0.702244906749831
0.6763624580024703,0.241466972683606,15.0,0.87,0.91,0.0,8021.0,1.2722922056437553,0.8586904816937108,0.6860858280432003,0.7393698200399532,1.1047375437462397,0.8551743951685666,1.4289480039723583,0.6361927222719785,1.100228720864459,1.2680778469303868,1.031342960503616,1.0109966832758546,1.0551384176788337,0.9494016618993301,0.7903214159712108,0.8274159429287146,0.7988148236888524,0.8251992369993716,0.8083776130477058,0.8013308167774711,0.8323233331957417,0.7772720340833006,0.7389804257078433,0.8052292785688313,0.7103674808856097,0.6439459460576146
0.6763624580024703,0.241466972683606,15.0,0.7,0.83,0.0,8021.0,1.7316636895667767,0.9324956255863468,1.0120392969436844,1.05637294575293,0.8896764731475684,1.207261527774053,1.159284051118498,1.0118660001094635,1.1890428744926786,1.2058548984473303,1.055937772452852,1.100794732548627,0.9328498829866736,0.8598395314814848,0.7517621676280372,0.8213239413804514,0.7113421540746949,0.6818262452403578,0.6860992378863027,0.5866677222031839,0.6345151759973157,0.6342432978779049,0.5955052870112464,0.5278119217883775,0.502000436475414,0.43529550061924294
0.6763624580024703,0.241466972683606,15.0,0.7,0.83,0.0,8021.0,1.509036367716453,0.9995508953320752,1.1058740818709436,1.5185832862052056,1.200002812801398,0.9888209968757645,0.979826615892174,1.0717876796185268,1.1583689463678704,1.0631263380675866,1.0270406762821576,1.1024063247053517,0.8836793457277934,0.8853356867609091,1.0797982723178552,1.0366781296079213,1.0002042283625647,0.9240944683793805,0.8773872041267959,0.7252710684718167,0.7218597565200072,0.6805152404907069,0.7325600771741009,0.7503907990597303,0.6628791751530536,0.5824218647856996
0.6763624580024703,0.241466972683606,15.0,0.7,0.83,0.0,8021.0,1.140514667168243,1.3647124416027714,0.9231165970799304,1.0479790860326779,0.8956131598331759,0.8885885641068174,0.8318068334683255,1.0077060425450604,1.6025769410984543,1.6596006966442751,1.096741733502028,0.7768649668886235,0.8282005903995984,1.1466192757921736,1.0328114343919441,0.9227722239766564,0.9720108529135878,0.9108181867715207,0.9274789080093582,0.9504877170888194,0.9200796711991576,0.7436031465554817,0.8216356836860685,0.8698999852228634,0.7738544845890564,0.7067452485068265
0.6763624580024703,0.241466972683606,15.0,0.7,0.83,0.0,8021.0,1.8557037063071486,1.0061293302575798,1.5798039206133017,1.5238922644170532,0.9722634211186942,0.9007689816308767,1.0113124646385407,1.2018640108091865,0.8733414243524059,0.8592070916028738,1.0060735149649305,0.9709412752157422,1.0010405851979263,0.9637441250522999,0.9040884050232574,0.8319077235020482,0.83528247878675,0.7556460724906713,0.6944285464574206,0.6196441731836411,0.5513659193257371,0.6676145846295927,0.633286066540898,0.6721143535330651,0.5396863582335468,0.46226955302451755
0.6763624580024703,0.241466972683606,15.0,0.7,0.83,0.0,8021.0,0.7713285883595555,0.6434572515961695,0.9065578538172773,1.1260253223175891,1.431639971263824,0.9954882876448012,1.4930138752000668,1.1790722735932453,1.046143368674395,1.0743130381399755,1.0832923719583547,1.0649582187321014,0.9912820382217881,1.0408276056560726,0.823058836976853,0.7799715080297285,0.9090212008668311,0.8186297946028915,0.8414533213523302,0.8764706163297873,0.820876835310828,0.7539476714094585,0.6908066835946587,0.7165020585433282,0.6199278260677491,0.5561337110408651
0.6763624580024703,0.241466972683606,15.0,0.7,0.83,0.0,8021.0,0.9592601982982153,0.8158577088608642,1.1244287180760852,0.9086791155271466,0.7293901324396296,0.4125406172386999,0.6571969902833337,0.7350088479154632,0.7352720926346242,1.3997876439488939,0.09784249113964125,1.3283806620979812,0.8729725064832382,2.156409136948872,1.3023142229600433,0.59504411616124,1.3031336243376859,1.3129969321377002,1.183490373380585,1.061037121294673,1.1560207706498253,0.915254514234133,1.0786897956673316,1.0493143434841425,1.057259278142068,0.9803896060131221
0.6763624580024703,0.241466972683606,15.0,0.7,0.83,0.0,8021.0,1.6818053796326788,1.316941951240625,1.2126217195946543,0.9169116801170017,1.1099557134176654,1.301253453490956,1.2309465454747195,1.1137967998764777,1.0628200077625802,1.0333079683373556,0.9339236666332448,0.9192078019210509,0.8743929296136403,0.7663321279284917,0.7601338562564303,0.810884209657881,0.7019768310402745,0.6894618342246095,0.6452358491321094,0.6265935699515619,0.7087676974251823,0.5681872743632622,0.5925564609273545,0.5184309384622942,0.4917594019585177,0.48764659739912175
0.6763624580024703,0.241466972683606,15.0,0.7,0.83,0.0,8021.0,2.134631226626104,1.5724428835390298,0.8718602854417115,1.4412576896380025,1.5295048619424905,1.0288794699525554,1.2852420738495938,1.1069860731240841,1.0682584684595742,1.0950435352915795,1.0090519923574786,0.7977786313889413,0.9155850347738363,0.7544352502797373,0.7744568653232385,0.7513373950505812,0.7926531917796533,0.7730273726728122,0.7635395023309388,0.6177910932167205,0.7584050451580184,0.6890757331577513,0.5380733983719811,0.5938358820411211,0.5225218200254637,0.5945878022598884
0.6763624580024703,0.241466972683606,15.0,0.7,0.83,0.0,8021.0,1.738035009972443,0.962730565415907,1.167142876549915,1.1114330943918462,1.4291454340151126,1.329410726739976,1.332612501128604,1.3560675270313987,1.1643303570564851,1.0644078657081668,1.0529975525012487,0.885298082337457,1.1018522130497157,0.9035279379233557,0.8641086510543036,0.8525646850814934,0.7721277043451534,0.7958629926508126,0.7368056838090999,0.7585121486669034,0.8160283735345306,0.7233576343976449,0.6770647174006423,0.6039676747411689,0.6229092881911913,0.6491175639479181
0.6763624580024703,0.241466972683606,15.0,0.7,0.83,0.0,8021.0,1.4457860003484522,1.3476266790958538,1.2553144148852349,1.3679116141535614,1.2915707984396447,1.1454765514067726,1.1840914284950783,0.8520552735260354,0.9787068996334152,1.0126376764168092,1.062078444165855,0.9485667153675887,0.8062690999323516,0.7477833140330998,0.7736559520676904,0.7601650973866878,0.7381615429423222,0.6560080388851324,0.6100484661770916,0.5796920294541553,0.5757490999659893,0.5863907071078791,0.49684347349457847,0.5028244494588029,0.6105722652661534,0.5472756899853001
0.6763624580024703,0.241466972683606,15.0,0.66,0.8,0.0,8021.0,2.4246156435867494,1.5510712426964117,1.137906177813704,1.4986802557700039,1.094735451942154,1.1091745756359401,1.1119949070561175,1.0538607178576918,1.0972380820160221,1.0512551927925688,1.1083094902862218,0.984353988404999,0.9767930990111979,0.8631456348830921,0.7837730487792647,0.7093108509012829,0.7063244623055157,0.6295371772925562,0.6016207264115161,0.6233421517104656,0.5783336812834595,0.5999959915761903,0.6559094755847618,0.5622062208112137,0.4662371601067456,0.49793082950195366
0.6763624580024703,0.241466972683606,15.0,0.66,0.8,0.0,8021.0,1.3860533007835716,1.1594277574964398,0.8814333907943985,0.7879043962917349,-2.222657466987137e-16,1.881535831001623,1.87314241106004,2.0803883317031917,2.040880050720142,1.4975054936897747,1.6567499792822376,1.3545003709177055,1.0035324419192178,0.9153059302951368,0.9724895838402717,0.9950444623202411,0.9716014733899357,0.913706830970797,0.9734396763402059,0.9527505951739362,0.888324661098209,0.8158582725206004,0.7682257025599096,0.7323933670885417,0.6926479216966436,0.6823525410385759
0.6763624580024703,0.241466972683606,15.0,0.66,0.8,0.0,8021.0,0.8650755671612111,0.8010396805463815,0.5495024771238926,1.3992123106315042,1.8763945806974756,1.5255557725030386,1.491136848625812,1.3938853373809577,1.2019815983219544,1.1167620134572718,1.0388940782345488,1.1662686293327618,0.9881111031781462,1.0117341754847708,0.9296697435125639,0.8115636244395101,0.8781277568788639,0.7993791467800112,0.7311779692063742,0.7502468591113153,0.6537789700478475,0.640858667849584,0.660804518490727,0.6310643127629758,0.5570845366598871,0.5339070117496383
0.6763624580024703,0.241466972683606,15.0,0.66,0.8,0.0,8021.0,1.6671472986470128,1.0612210502817416,0.8821088801066198,1.1762584210199973,0.8230656570140912,0.8584653587231394,0.7921038224571426,1.1261353426974663,1.0740615077269757,1.0530554970205477,0.9752933114405848,1.0502054103351044,1.0022586296986467,0.909546105172281,0.8574969985757418,0.803567623471693,0.7817977113486017,0.8126803080682401,0.730630007054309,0.7280671824254631,0.6033503901443525,0.573556524210353,0.5332025756327853,0.5279223043875978,0.5602750840736745,0.5635657766157917
0.6763624580024703,0.241466972683606,15.0,0.66,0.8,0.0,8021.0,2.0485201178901904,1.577232327279416,1.3633149422811233,1.168416237100426,1.1142427816895184,1.020599590652606,0.9506249862031578,0.9919756609838057,1.064628391152248,0.9446023744954907,0.9111756127805801,0.8687728840568909,0.9318234414592742,0.9015440709718242,0.880599553768115,0.790042577497166,0.8299856623661233,0.7519473081364533,0.779378761994513,0.7155718392288107,0.6626510540850709,0.669151662603642,0.6022414871734365,0.5586874070552605,0.5255276083545217,0.5428279278295948
0.6763624580024703,0.241466972683606,15.0,0.66,0.8,0.0,8021.0,1.455913720272558,1.1244044431941307,1.0957029868197925,1.1784261144939354,1.184206938221032,1.0600020330004278,1.2975349840608001,1.2704442509785798,1.1269663924003344,1.211002546172503,1.0243821417653105,0.9916862437988322,0.9664405003516892,0.838824197696017,0.8049323666591407,0.7829498391179339,0.7268243692522285,0.71864412207545,0.6690083494366524,0.5854823224487267,0.5621494887335261,0.5262861486884868,0.46166767921163027,0.4687765957272742,0.5121752747503899,0.40727128045296834
0.6763624580024703,0.241466972683606,15.0,0.66,0.8,0.0,8021.0,1.0833139834108438,0.6046215973238839,1.0354941487684888,0.9922544313960435,0.7544072325925966,1.645042691372861,1.4540427862880942,1.3244338656936139,1.2189300934931742,1.1989270791557718,1.0834890579264267,1.53940252424926,1.1168202521136177,1.0456053634669147,0.9541467839876289,0.8296227742791719,0.9825794914130009,0.954912037957925,0.951920123530711,0.7972606854288085,0.8927393461258176,0.751731271693975,0.6646164875374655,0.7160263562738373,0.6974915189034405,0.6828921740909214
0.6763624580024703,0.241466972683606,15.0,0.66,0.8,0.0,8021.0,1.0972175760940182,0.6027156283149492,0.8590090027024612,1.1280105141628953,1.1948741710673823,1.677327872239511,1.464267797700935,1.299898958477044,0.9780259283716979,1.0948201795196195,1.0108972240686633,0.9624738241153715,0.8443913195883403,0.8762704250630575,0.7446080233654182,0.7641549940637071,0.6991162426315193,0.6997163544664712,0.6420643387191464,0.642881068881822,0.6565070083049384,0.5754687180649346,0.5004889902761323,0.5048791290807074,0.5576979571295307,0.5658794008409426
0.6763624580024703,0.241466972683606,15.0,0.66,0.8,0.0,8021.0,1.7174078665979544,1.4350832593072274,0.8716888025073423,1.1550820620057007,1.1832359008682092,1.0668432711090396,0.931892716986929,0.9164779473138885,1.1331200080955504,1.1545200376684417,0.9715344963256684,0.9516784688052545,1.0442238133170687,0.9209886438851435,0.9366327459777003,0.8825085955402356,0.8717277056792285,0.798776951570093,0.765927286476308,0.6773302044781818,0.5990227196594694,0.6539180970731767,0.6066036826601906,0.6381417348380646,0.5063331540786137,0.5322769202953874
0.6763624580024703,0.241466972683606,15.0,0.66,0.8,0.0,8021.0,0.8863543338310593,0.8683260976903329,1.0208178067171334,1.2655955542863409,1.2972324400286037,1.2516787846733624,1.179586776423829,1.1284643773960479,1.1261944718677805,1.0700116250327318,0.959704812076668,0.9316294029849201,0.8730404588646581,0.7655450587946099,0.7258321579845867,0.7414938572862148,0.6478002699917795,0.6204148378968354,0.636333196491117,0.5355802792263549,0.53644582447736,0.5280515069390534,0.5302370835809724,0.49624468186009324,0.5409848395908379,0.5446419401638957
0.6763624580024703,0.241466972683606,15.0,0.76,0.76,0.0,8021.0,1.6253096472219288,1.0217420735500684,0.9493478878644044,1.4214343890626848,1.4102208781760137,1.1802653345739422,1.0976196495274781,1.069080154181516,1.0632909362530287,1.0513728679185002,0.9856860191741059,0.9819503451615874,0.8221513904039165,0.7889233890480198,0.7847228280163879,0.7758068119369107,0.7384710216812056,0.6430144569029342,0.6251626885728341,0.5650681727593025,0.5923449780757137,0.6498862796503808,0.6155717517697301,0.6362213366770393,0.5314767456355343,0.5479872566518699
0.6763624580024703,0.241466972683606,15.0,0.76,0.76,0.0,8021.0,0.8093359436499842,0.9747866996909546,0.6179958053178808,0.894799714949522,0.5326801367351869,0.906290790016281,0.9749319364074259,1.1220426087440196,0.8802537067612883,1.0837174310544646,0.8578367852156179,1.2256055462695512,1.0583444013655503,0.928705177589951,0.9707536042949326,0.9833199331163242,1.0767641737920248,1.0243394308584588,0.8500951062516258,0.8671758434578409,0.8698611898850493,0.8313252195138782,0.7695192669778634,0.7030538932402258,0.7937006717172358,0.716094394313943
0.6763624580024703,0.241466972683606,15.0,0.76,0.76,0.0,8021.0,1.3054816214121525,0.9778915490633502,1.5309051232555735,1.4121530047623148,1.0254549565194064,1.0950197382459461,1.0324594599762753,1.0971538145434998,1.0167461880580984,1.0437110557849056,1.1530498779273681,1.1463614999360157,1.0026006050278478,0.9418016498429314,0.8305161639410791,0.7894085793924797,0.6537892322712909,0.6213468466814728,0.6606970392094158,0.6076484603471975,0.5683465803649815,0.6399796246240834,0.5949540014949558,0.6225659466366388,0.5955545342862262,0.5286343231666298
0.6763624580024703,0.241466972683606,15.0,0.76,0.76,0.0,8021.0,1.0678038058331936,1.057909602716751,1.3358429974145822,1.037151671026569,0.9154931970053296,0.7610005940784843,0.727552164141593,1.0821368984328363,1.1594214867417165,1.0424071477860701,1.061088253094431,0.9657690358409438,1.0292152418898814,0.9846734432007913,0.8536771601039119,0.7623146269164883,0.7207610193800215,0.7063193773427465,0.7342271151442185,0.6645131900469402,0.6326551374093227,0.6241678141954463,0.541268821160383,0.5149429241221591,0.4780365860569431,0.4603415953509563
0.6763624580024703,0.241466972683606,15.0,0.76,0.76,0.0,8021.0,2.094383903173079,1.291034130335922,1.2597312147590196,1.5947798254077368,1.287714581812426,1.4058961177162146,1.3235662909591417,1.288193496190823,1.0948714015150212,0.9428590492692496,0.8523524564459755,0.8737864431785765,0.7882524645949343,0.8129724787045285,0.738100855424791,0.6840574783998554,0.6718923476152909,0.6760276216758545,0.6454162181805801,0.6160245462689027,0.5948802346726223,0.5727637174333755,0.5267820998215649,0.4971327045426881,0.5341921908258606,0.5854296969139263
0.6763624580024703,0.241466972683606,15.0,0.76,0.76,0.0,8021.0,2.7267957599460972,1.8463924090671862,1.1744374556084733,1.2266525040368452,1.1395163909703536,1.087612657451271,1.0431867849290442,1.007862652713242,1.1019875037722695,0.984979684419913,0.9340038221196503,0.8085336333071506,0.8162581915255437,0.7681697624228608,0.6741000792780399,0.6238920638544613,0.644276292770005,0.6185988506742509,0.6339898783848898,0.6271576082810415,0.5838015874038038,0.5323781978421674,0.4920914982922172,0.5378690754893588,0.5342106464275675,0.49234012473648714
0.6763624580024703,0.241466972683606,15.0,0.76,0.76,0.0,8021.0,1.6124694966702775,1.348813264551229,1.3242308354084962,1.4577683414843257,1.3341663533037795,1.2650871997409276,1.0721624961670158,1.1772376597943024,1.123061788519279,1.081875783865553,0.9862393503404698,0.9732225211007104,0.8786561928666469,0.7864285484234603,0.8410703522624072,0.7107472585108539,0.6923847373813411,0.6194733422789447,0.6423119287345356,0.5978165805428793,0.6261993850621599,0.5168691633213136,0.4972678487973271,0.5353506654175615,0.546813654767961,0.567953319849632
0.6763624580024703,0.241466972683606,15.0,0.76,0.76,0.0,8021.0,1.5840185594562988,1.0518679356471965,1.0599679092203125,0.6842651435704815,1.0659675049496005,1.0668511733585815,1.1802018069593458,0.7969674632484757,0.9858020052104978,1.0406519350650532,0.7969946971293506,0.8638620069701697,1.1501740252186476,1.2254437545618653,1.1857719144263494,1.0010680232454683,1.0269316739207301,1.0208181262683136,0.9619432630968338,0.9564003041964966,0.9017256522075919,0.8139544374770253,0.8019865916753663,0.7718959644704274,0.7818861791344807,0.7168499171494525
0.6763624580024703,0.241466972683606,15.0,0.76,0.76,0.0,8021.0,1.0605855558945947,1.0506905120110273,0.7104912784827702,0.7922262863111263,0.3494092014165752,0.9694302116310387,1.3756584272824552,1.4961652026351575,1.2325343034134335,1.0172712212462502,1.2332729128786624,1.167334986218317,1.0727633613813963,0.9605944362654345,0.954972672826336,0.8902017955618571,0.8308046573230708,0.7926314503413436,0.7131181502581367,0.6529323202290847,0.6558938004436942,0.6174125348939131,0.6012691328698672,0.6057633949795768,0.5285877793325815,0.5400483238114905
0.6763624580024703,0.241466972683606,15.0,0.76,0.76,0.0,8021.0,1.7304034167372666,1.2655298317946513,0.5212877246056905,0.6119423195659437,0.7397250180282459,1.042431654580424,1.2117538615707892,0.8825510462686654,0.95651238558603,0.9543658747903139,1.0437576547789624,1.0561151908114608,1.1575181703325845,1.0993566597032347,0.0,0.8354288791699398,0.9186061849630175,0.8886443018357183,0.8885610830329714,0.8419627854827878,0.8385856603468596,0.7461004237533547,0.6537735711194022,0.5637554041225264,0.6356679578544618,0.6240762888541488
0.6763624580024703,0.241466972683606,15.0,0.68,0.72,0.0,8021.0,1.5242451295009398,0.9418298024106252,0.8117132369816571,1.2593004336383495,1.449383924244973,1.085331410657887,1.0903213749615877,1.1927053537572154,1.1134370221312497,1.075088215520573,0.977037645341906,0.9272816628917279,0.8574014966718801,0.7720919491181362,0.7522544202007307,0.6608248003500637,0.6063303604716441,0.6005244826792708,0.5500766793100901,0.44136588184059383,0.4513619492816613,0.4991105282168263,0.5427452548963053,0.5168783992693958,0.6090928069633539,0.5912217442715596
0.6763624580024703,0.241466972683606,15.0,0.68,0.72,0.0,8021.0,1.523602192213771,1.2738798940420941,1.0955789692777624,1.622519792329399,1.6382229647820532,1.2161041232106609,1.0056960255861485,1.1280342747552903,1.2057904440829803,1.2982562523731662,1.0496380669947485,0.9964341963665552,0.8689704559611497,0.9097800159230556,0.7958846903222283,0.7480082490353201,0.7390221597260171,0.7196972325146792,0.7222643832920401,0.7226106906004865,0.6217725376451972,0.5688162198163346,0.5922922332962163,0.585200531051323,0.5151217076162649,0.5628107340174927
0.6763624580024703,0.241466972683606,15.0,0.68,0.72,0.0,8021.0,1.6594991475845233,1.251069107480953,1.2227744671716951,1.1391549591242052,1.3501777522527765,1.0940809032691907,0.9653072785753667,1.047754944761925,1.1369716990285657,1.0233680889426466,1.033561155706203,0.9265388271080649,0.8377790499906366,0.7831474753156292,0.7978340353710116,0.7883441109222974,0.7575965387534228,0.6335137569301452,0.6606390083921843,0.5964817687961477,0.592391924455328,0.0,0.5496813899419523,0.5453804332872471,0.5668198766406752,0.5910737172074131
0.6763624580024703,0.241466972683606,15.0,0.68,0.72,0.0,8021.0,2.070433558213984,1.4876852741838589,0.8853589593389986,1.0275455206717898,1.0598566460172194,1.2316323112591345,1.2322998164473742,1.1423087651297261,1.3460712479343167,1.0814365532152599,0.9167532112770036,1.0924272414137706,1.0163416981239781,0.9691244027864208,0.8552007737198212,1.0464950949251663,1.0297376270562637,0.9327625691719567,0.8094083420401658,0.7294658589324536,0.7868705978970908,0.7524420742987131,0.7243795672210985,0.6729241298743839,0.6693047126433829,0.5815066966887982
0.6763624580024703,0.241466972683606,15.0,0.68,0.72,0.0,8021.0,1.588658693780876,1.1793460252857297,0.6043730863595642,0.4092948234334529,1.4010628858006557,1.0064382975937278,1.0527129534071873,1.3997365640692496,1.4983921165729637,1.2101554030482735,1.0293030856057224,1.1034247703616538,1.0951613793442583,0.9531446614086901,0.9154172705713338,0.9174120540086718,0.8872533601085462,0.7985083444465049,0.8514110111289975,0.7563118199114748,0.6582044569448869,0.6977599464693037,0.6876562633396515,0.6132639323125794,0.6898137104570611,0.637405726507933
0.6763624580024703,0.241466972683606,15.0,0.68,0.72,0.0,8021.0,1.203370442104507,1.2090370777461699,1.5312089654896512,1.444442558216359,1.4801517356744132,1.2358583115524369,1.3431931898049767,1.0921280392038195,0.9345551240274194,0.9962610320390186,1.04062261128174,1.0807473192778208,0.8919201974501451,0.9262993819012602,0.8775532477508708,0.8545416503360218,0.790040390246908,0.6920660622116426,0.7123856422183948,0.7042078090491006,0.6339871499031374,0.6122639074010121,0.569382228550505,0.5351783578625763,0.5249502666673421,0.44383022684250795
0.6763624580024703,0.241466972683606,15.0,0.68,0.72,0.0,8021.0,1.2248659082334994,1.2175696342304339,1.4188610850285148,1.2438061066874773,1.1498318922247872,1.151365610318119,0.848339151177142,0.7468157488272184,1.1959715679475673,1.0869007438183507,1.1843107015536176,1.0101126817965091,0.9458992992063333,1.0052359516449711,0.8759171960797818,0.8613094323545105,0.8450211457188105,0.8183106431504487,0.7337892610967143,0.6827933910304892,0.6204335780017498,0.5378998502872687,0.557209120083941,0.5887323627533728,0.5321771906608583,0.570893149885159
0.6763624580024703,0.241466972683606,15.0,0.68,0.72,0.0,8021.0,1.4740005434319918,1.24193140789328,1.1538272604836621,1.5573299809661458,1.0687643207855069,1.1695841774266797,0.998436901404262,1.1190573697241302,1.0563515620336283,0.9594485655036996,0.8660234749695096,0.7689607982491695,0.8086457844302034,0.7610585488551856,0.6362757403986186,0.679785945076377,0.6143764776085262,0.6305350043988208,0.5732319392532821,0.5615089345615584,0.4992288358292418,0.45517403992508704,0.4166911489172857,0.5639174960780782,0.6216684191698442,0.5457012764783211
0.6763624580024703,0.241466972683606,15.0,0.68,0.72,0.0,8021.0,1.8165875029548049,1.1985862457951324,1.1158948616111857,1.085025123130496,0.8188895688756223,1.0001158935509085,1.003627489088976,1.1082876022978303,1.2298854806378787,1.0825352575923268,1.1777734238242943,0.9344916122862216,1.015031236158642,0.9974085354010843,0.8693495654401074,0.8305799309672567,0.744559589537302,0.7235409476288142,0.6966060338394344,0.5719057744244247,0.5910119458286834,0.6423438598559892,0.58707626947768,0.5645823535726535,0.4640851587114662,0.509153660755199
0.6763624580024703,0.241466972683606,15.0,0.68,0.72,0.0,8021.0,1.0896155145902922,0.5554897291961438,0.7693831509379249,0.7699464546812398,1.57580999291401,1.140367797677091,1.764151553898528,1.407581745933424,1.1535790484249133,1.2028565769157538,1.3538368138603167,1.1409784277598032,1.2190835146383163,1.1262491616930908,0.9765882187360401,0.9768309358225616,0.9400208602963147,0.9990079598687072,0.8738760356981747,0.7838647472092767,0.8161085435762424,0.859838915913932,0.735029991203406,0.6295004506548388,0.6581086644379375,0.611389483526037
0.6763624580024703,0.241466972683606,15.0,0.65,0.81,0.0,8021.0,1.182130948063699,1.3176111654719718,1.4266641425579936,1.2041414095164145,0.8298731327471583,0.8679482747014876,0.8487216311245045,1.1387232534169955,0.7678194989246431,0.8186351229891511,0.8582593032834083,1.11158279311002,1.112417972885649,1.154480039509438,0.9717240891496991,1.0663068971658822,1.0320475761761057,0.9730701591364768,0.9185992186580032,0.9421599484821305,0.9212121946854109,0.9053803025330787,0.849570736552325,0.8545276312310577,0.7819143503784486,0.8184568815349718
0.6763624580024703,0.241466972683606,15.0,0.65,0.81,0.0,8021.0,1.2167596120734694,1.3755330179562832,1.175494926768774,1.281850450626147,1.2784215912690502,1.1865434693213779,1.1903712980745835,1.1140631890852848,1.1164126814454474,1.161486039264692,1.073145431256321,1.0073548347761736,0.9863963320348893,0.8918295336705304,0.8372149476664524,0.7715037180072246,0.6744081031377523,0.6722901653325378,0.6731732898543225,0.6224191492972678,0.5838631541833078,0.5277023242089665,0.5304199376382678,0.48207474465521527,0.4303675697706037,0.40586786589489443
0.6763624580024703,0.241466972683606,15.0,0.65,0.81,0.0,8021.0,1.3576781590465603,0.8422896129099574,1.1738341495225917,1.485854873753604,1.4756510900998527,0.8417015788759781,1.0559309357988713,1.0052667105957889,1.186656238379527,0.9648542292422526,1.0950360674519846,0.9999492193814655,1.0888747516816075,1.2334420160837891,1.147847716446088,1.0217937728805229,0.9645260130962404,0.9083688548947093,0.7979609406126161,0.793191226136256,0.7285137528768687,0.662654986790413,0.5921946896532223,0.608152664776873,0.6501705563715877,0.6346814254189812
0.6763624580024703,0.241466972683606,15.0,0.65,0.81,0.0,8021.0,1.237801369272432,1.3449063637529937,0.8675743294310617,1.1770841420485358,1.435517413683428,1.4675204174006826,1.0039469054545607,1.0904954067215928,1.1660122710610525,1.0639023880944107,0.9063803711765475,0.857129217804687,0.8706540045108837,0.81386691910736,0.848067702143456,0.7690405276454976,0.6983227151340076,0.7043747140424936,0.6807686429017819,0.5858042917027463,0.624467265300174,0.6216895554690481,0.5949080174958394,0.5192079775954932,0.6086192896797094,0.5812263319306319
0.6763624580024703,0.241466972683606,15.0,0.65,0.81,0.0,8021.0,1.8356888210834186,1.6497852220558586,1.435001705423593,1.0420824705334144,1.144571073318151,1.3251048663504987,1.430166293429921,1.1339879496055099,1.1423746229434064,1.1171797549849505,0.9353837376879744,0.9580559714110396,0.9681095956596739,0.8826869201880754,0.8584160531852066,0.7626692958240506,0.6953349453468892,0.6107590540721327,0.5839861164760528,0.5604747426759318,0.5572760893005101,0.612114549253365,0.468802267086073,0.4291961484181633,0.5053684454833947,0.4388681255080933
0.6763624580024703,0.241466972683606,15.0,0.65,0.81,0.0,8021.0,2.625385138191969,1.5953979400702727,0.8269560054486227,1.0313177173608836,1.0564891455346928,0.8410597176006945,1.0502321328890902,1.1250009213463066,1.2261016319688298,1.1015428184310314,1.0723571346994238,1.0369370424545608,1.043974435657407,0.9821691767544203,0.9652458551052395,0.82996235642104,0.8179849949437399,0.7676626861461058,0.7176706037954387,0.6886808427935488,0.5781081911255459,0.5883607490577538,0.6184888086654443,0.49460741639983413,0.4558955579989766,0.42310256973781896
0.6763624580024703,0.241466972683606,15.0,0.65,0.81,0.0,8021.0,1.414076612741061,1.4860735352482453,1.3705983017524994,1.5229014606005054,1.1992818896653026,1.0651019618231776,1.421738220053574,1.356112192045166,1.3125191555589948,1.1758582080351094,1.0896774329359997,1.0376713547688996,0.9903097932368691,0.8469714981889411,0.7729359022883304,0.7278157279563703,0.6699550478400218,0.6594773986304209,0.6904029524110259,0.6388580882983917,0.6577142993809343,0.5554791699954259,0.5564298686430167,0.5673116976317717,0.5323626938974267,0.5073959440268028
0.6763624580024703,0.241466972683606,15.0,0.65,0.81,0.0,8021.0,1.2600114926547805,1.0538398159945774,0.7551390382448926,1.0898770108723692,0.8521996017425781,1.1336454384225125,0.7935451298317723,1.016409547223312,1.1300229487297229,1.0221837494049124,1.1834658986857072,1.1479853892569447,1.0526212063445204,0.8908180460521432,0.92228921194373,0.8414002512993526,0.8530885026992973,0.7772161261301531,0.7817836222719255,0.7422180075252718,0.6675998535903505,0.6638191889039986,0.6645570992783418,0.6112863310710025,0.5952508191764537,0.5674710572147776
0.6763624580024703,0.241466972683606,15.0,0.65,0.81,0.0,8021.0,1.6603309317004091,1.1844645632511548,1.2904455111676782,1.1720835143753616,1.3639497673006487,1.5021753539543257,1.2769918993983707,0.8571529923667731,0.9861836487884621,0.9572785246470603,1.0380490400731837,1.0652148367685765,0.9729801506752647,0.8843981113568925,0.8716890949572292,0.7493850000356574,0.7651198712720063,0.6765946436462443,0.7038362490751031,0.6198793201238431,0.6136205097100155,0.5572113805214974,0.5784338553461452,0.49163941784885123,0.4744085321339694,0.5146167012738314
0.6763624580024703,0.241466972683606,15.0,0.65,0.81,0.0,8021.0,0.7803809760027934,0.7153677873709151,1.0305020188329748,0.3148504783945654,0.6433741905770927,1.3262858887055482,0.8427773481902512,1.2865764683040708,1.7599183535777045,1.4435830757652446,1.225850818418385,1.0853857407262362,1.1043452690076223,1.0060140909413344,1.3009779965992925,0.9859291719520059,0.9903726827123324,0.869642143950238,0.8397053251585211,0.8432686357167298,0.7462333618847352,0.7271349459356199,0.6819383644938627,0.6358001142205465,0.6091736706351166,0.5561913409869924
0.6763624580024703,0.241466972683606,15.0,0.66,0.86,0.0,8021.0,1.2743493687092768,0.7703073085344596,0.7076024478066272,1.1489855764577737,1.20305591180018,1.388428624856518,1.255226708319116,1.572950869903399,1.1814667488505426,1.014461515919699,1.0771009002068952,1.0285377976227004,1.1919805595487516,1.0421898789862702,0.9013188285884909,0.8841710228078069,0.8261890067730299,0.7229740111392304,0.7871899483861701,0.7459754794544223,0.7568059644503792,0.6413777539922388,0.6801097360801575,0.6446988063039109,0.6699591868927125,0.6094902364434724
0.6763624580024703,0.241466972683606,15.0,0.66,0.86,0.0,8021.0,1.8925925135165256,1.2828099390120327,1.228290401591889,0.47959692731685927,0.7067417277380259,1.2157754177287412,1.256420369025237,1.2636326891204328,1.073513032770553,1.100773836027539,1.0692686634721256,0.945849352075249,1.0967421336396335,1.0577378588226418,0.9735860449759379,0.9484470678849463,0.8382463553179489,0.8430893784891842,0.7470916352258341,0.6806891451534002,0.6964192016587327,0.6274680596307254,0.664962012443659,0.6238231353464575,0.5227710548637927,0.6154509978012376
0.6763624580024703,0.241466972683606,15.0,0.66,0.86,0.0,8021.0,1.1207215869913456,0.8287998828195259,0.880492156567587,1.1927720244679674,1.388714976937402,1.3148872868101222,1.0543117719939163,1.1937987323682222,1.1397880523114887,1.0134662939965462,1.0974054128227781,1.0157692960169982,0.984742886383837,0.8068839707948969,0.8535810861352877,0.8113181952866975,0.7367711195218684,0.7088510813175097,0.6253546042044547,0.6614158935329871,0.6175610763808799,0.5514848711355068,0.6726378910136803,0.6314102600665334,0.49071560695646116,0.5130898726721383
0.6763624580024703,0.241466972683606,15.0,0.66,0.86,0.0,8021.0,1.1420470492602055,1.1897363917356523,1.2563862464199105,0.8696483284228151,1.0476498203268418,1.1549127437332052,1.093791639032109,1.0278730761589883,1.0912068851287804,1.1319746967408548,0.969726554562428,0.9831740363054596,0.9360738318909366,0.8455293530188074,0.8792114686103512,0.8156447933614879,0.773037394426466,0.7503411432382975,0.690170820662283,0.6179871961548686,0.6191477673334956,0.5863800263389555,0.6066530177123193,0.6120774149963129,0.6000661572419278,0.5701187111418058
0.6763624580024703,0.241466972683606,15.0,0.66,0.86,0.0,8021.0,2.310168964327737,1.1759616410198834,1.4415405840950841,1.189235463401398,1.3828631685212904,1.1174766846536999,1.1728945835431113,1.0091024878223829,0.9617867792682567,0.8872134337724145,1.0448705161558764,0.8545578700066817,0.911701672837076,0.8518249186579467,0.7554192139645884,0.7366596530966066,0.7521842134251536,0.6532463838058846,0.5893590277918279,0.572431851762928,0.6183154365059013,0.5152464189304031,0.5169440049771341,0.5753574120569176,0.5375040440101103,0.556652864201185
0.6763624580024703,0.241466972683606,15.0,0.66,0.86,0.0,8021.0,1.287845704692547,0.961659547766025,0.5974844692993507,0.793807397535775,0.8861223207075964,0.10250531808139055,0.7145869670144294,0.8408954850294347,1.4377383261050871,1.2073266437158237,1.3448175708156165,1.2442432474673206,1.0199388503442324,1.1221004505403525,1.1252731706278682,0.9837427331167485,0.9800797983143397,0.9513235870084791,0.9375575406584572,0.8601202503787407,0.9080296509261498,0.83272826574735,0.8195816401706119,0.8417044639159602,0.7897097417983392,0.7647414662373228
0.6763624580024703,0.241466972683606,15.0,0.66,0.86,0.0,8021.0,1.746910827152203,1.5541455355920908,1.526750139658122,1.295626472839549,1.2934090620061032,1.3197344824208757,1.0286131727707206,1.0215298249570843,1.3373172770750839,1.1004039437521276,1.0292334100636218,0.9130119257360824,0.941015610235461,0.9891955647530964,0.8501475375217338,0.7606193107308808,0.7838283601973013,0.7380253129593426,0.750809258415563,0.7376807136926254,0.7516597083875844,0.7086284663677986,0.6258114724747552,0.5297437501936463,0.5511413680599937,0.5409691681114293
0.6763624580024703,0.241466972683606,15.0,0.66,0.86,0.0,8021.0,0.9603592803877029,0.7214420787283228,1.1302955408819007,1.4852813240364808,0.8037715767616318,1.0020468992262885,0.8090685781047443,1.0499054108570702,0.8993726948402031,0.8518553478385814,1.4954949776775068,1.0090519651068652,1.1800578549680536,1.303006296534258,1.0671202644603834,1.0025043775015836,1.0212850484500258,1.023408209660294,0.9287607515316737,0.8708051408672348,0.8394980969107032,0.7033360313579384,0.6832766541332002,0.6540345578503978,0.6928016179604835,0.5783556711522836
0.6763624580024703,0.241466972683606,15.0,0.66,0.86,0.0,8021.0,1.1347020282283153,1.1902901154187662,0.7047009536385347,-7.603325076579223e-16,1.3502874100610194,0.27602870298212784,0.3616834565746522,0.15473632654710592,1.31592714013535,1.1679867548957672,1.168527122625353,0.8571891674720966,0.49340741427076307,1.1296271973435763,1.4879840629371783,1.0775305026548323,1.0005628388077332,1.1811849955219353,1.0493131039024322,0.9565597577402796,0.9148194335950068,1.0181643264180995,1.0876990703737608,0.9547638642041394,0.8980679005937138,0.8092908954144374
0.6763624580024703,0.241466972683606,15.0,0.66,0.86,0.0,8021.0,1.2389724408467033,0.7582897995426833,1.3102313624622097,0.8070115255031945,1.6443659131206443,1.3892625366906055,1.1044533991408145,1.1589507116181996,0.9736877692262471,0.958455597274354,0.990891148893027,0.9521301346167462,0.9891065204386846,0.9476352207762346,0.8432142622726151,0.8242631724375699,0.7686663739094604,0.7673943413566126,0.6981863145191178,0.6288264739554947,0.6290674832790435,0.6498660927927746,0.6486938077642661,0.5854336072001681,0.5682274130026616,0.49320828556964763
