inf_prob,diag_prob,i0,vaccine_efficacy1,vaccine_efficacy2,infection_efficacy,first_outbreak_size,0,1,2,3,4,5,6,7,8,9,10,11,12,13,14,15,16,17,18,19,20,21,22,23,24,25
0.6884507039493825,0.2518562695786255,15.0,0.65,0.75,0.89,7186.0,0.8589947529596602,0.5245556753761953,0.4139266712663604,0.1931144397082033,1.3549250885180784,0.03676823461779024,0.09192669260941234,0.16547537397494985,0.0,0.0,0.0,0.0,0.0,0.0,0.0,0.0,0.0,0.0,0.0,0.0,0.0,0.0,0.0,0.0,0.0,0.0
0.6884507039493825,0.2518562695786255,15.0,0.65,0.75,0.89,7186.0,0.8922266076160442,0.5832620010341204,0.8248606737483524,0.23891139579467635,0.12395393438055377,0.12395469684731761,-1.4912787953976327e-15,-1.4912787953976327e-15,0.11017449652696475,0.11017449652696475,0.11017449652696475,0.0,0.0,0.0,0.0,0.0,0.0,0.0,0.0,0.0,0.0,0.0,0.0,0.0,0.0,0.0
0.6884507039493825,0.2518562695786255,15.0,0.65,0.75,0.89,7186.0,1.054460602063121,0.9830997897847242,0.5728481056096388,0.4295365977925772,0.4852697329871783,0.5170138743946564,0.44960285331739447,0.5765624194698183,0.4112049905020012,0.15084240012955857,0.25276862503381314,0.041707901592707285,0.0,0.0,0.0,0.0,0.0,0.0,0.0,0.0,0.0,0.0,0.0,0.0,0.0,0.0
0.6884507039493825,0.2518562695786255,15.0,0.65,0.75,0.89,7186.0,0.4936099029311205,0.4369000761697063,0.47351271501760267,0.9394593608583188,0.0,0.0,0.0,0.0,0.0,0.0,0.0,0.0,0.0,0.0,0.0,0.0,0.0,0.0,0.0,0.0,0.0,0.0,0.0,0.0,0.0,0.0
0.6884507039493825,0.2518562695786255,15.0,0.65,0.75,0.89,7186.0,0.6519916965877591,0.4711373370400358,0.4084005436101784,0.5706561095699535,0.5742947060138377,0.7181603010259603,7.660460095849485e-17,0.05512698056556003,0.0,0.0,0.0,0.0,0.0,0.0,0.0,0.0,0.0,0.0,0.0,0.0,0.0,0.0,0.0,0.0,0.0,0.0
0.6884507039493825,0.2518562695786255,15.0,0.65,0.75,0.89,7186.0,0.8959360737703721,0.6253896481629421,0.31290667389803956,0.4417505902428895,0.0,0.0,0.0,0.0,0.0,0.0,0.0,0.0,0.0,0.0,0.0,0.0,0.0,0.0,0.0,0.0,0.0,0.0,0.0,0.0,0.0,0.0
0.6884507039493825,0.2518562695786255,15.0,0.65,0.75,0.89,7186.0,1.0804600423673278,0.8662479593529185,0.5610845954489643,0.3940221838891139,0.20504357165920595,0.1912283214942683,-4.473398885972522e-16,0.39310036603388443,0.0,0.0,0.0,0.0,0.0,0.0,0.0,0.0,0.0,0.0,0.0,0.0,0.0,0.0,0.0,0.0,0.0,0.0
0.6884507039493825,0.2518562695786255,15.0,0.65,0.75,0.89,7186.0,0.7181087300371772,0.6747000756691237,0.38654287701305795,0.5247019770695849,1.104844924898984,0.0,0.0,0.0,0.0,0.0,0.0,0.0,0.0,0.0,0.0,0.0,0.0,0.0,0.0,0.0,0.0,0.0,0.0,0.0,0.0,0.0
0.6884507039493825,0.2518562695786255,15.0,0.65,0.75,0.89,7186.0,0.6701924411726756,0.5107255560888556,0.6185619320812894,0.0,0.0,0.0,0.0,0.0,0.0,0.0,0.0,0.0,0.0,0.0,0.0,0.0,0.0,0.0,0.0,0.0,0.0,0.0,0.0,0.0,0.0,0.0
0.6884507039493825,0.2518562695786255,15.0,0.65,0.75,0.89,7186.0,0.6670826434120827,0.5730610258054658,0.5525060432442166,0.5414737097889446,0.521031609733756,0.11813790491803863,0.11024874404486307,0.07349509510428613,0.05511979613033172,0.0,0.0,0.0,0.0,0.0,0.0,0.0,0.0,0.0,0.0,0.0,0.0,0.0,0.0,0.0,0.0,0.0
0.6884507039493825,0.2518562695786255,15.0,0.65,0.77,0.98,7186.0,0.6099579856407253,0.46116534903445094,0.3812620659641891,0.2263351023056107,0.18272995136871859,0.5048587270165715,0.0,0.0,0.0,0.0,0.0,0.0,0.0,0.0,0.0,0.0,0.0,0.0,0.0,0.0,0.0,0.0,0.0,0.0,0.0,0.0
0.6884507039493825,0.2518562695786255,15.0,0.65,0.77,0.98,7186.0,0.5508106102103374,0.42941803093638287,0.2975242511953681,0.5575503492213213,0.6272943279879859,0.7216248655390372,0.07823327925422828,0.5747109742459043,0.6662302889919872,0.052143845522937875,0.0,0.0,0.0,0.0,0.0,0.0,0.0,0.0,0.0,0.0,0.0,0.0,0.0,0.0,0.0,0.0
0.6884507039493825,0.2518562695786255,15.0,0.65,0.77,0.98,7186.0,0.798975337185175,0.7565791182243768,0.6416951543009308,0.5663670003169907,0.4270471511859541,0.4107477088560027,0.11480549993286164,0.0,0.0,0.0,0.0,0.0,0.0,0.0,0.0,0.0,0.0,0.0,0.0,0.0,0.0,0.0,0.0,0.0,0.0,0.0
0.6884507039493825,0.2518562695786255,15.0,0.65,0.77,0.98,7186.0,0.8684155295941369,0.6047912592220819,0.4550215225294858,0.14620600286908703,0.12183249657547911,0.09136583179153042,0.0261007710537395,0.2610660836960344,0.0,0.0,0.0,0.0,0.0,0.0,0.0,0.0,0.0,0.0,0.0,0.0,0.0,0.0,0.0,0.0,0.0,0.0
0.6884507039493825,0.2518562695786255,15.0,0.65,0.77,0.98,7186.0,0.5438707047306475,0.4608410778403047,0.49444930568489964,0.17760505903606913,0.05221124426077036,-3.5311281062396316e-16,0.36558770249070943,0.0,0.0,0.0,0.0,0.0,0.0,0.0,0.0,0.0,0.0,0.0,0.0,0.0,0.0,0.0,0.0,0.0,0.0,0.0
0.6884507039493825,0.2518562695786255,15.0,0.65,0.77,0.98,7186.0,0.5400335098276324,0.6572209315794632,0.6274227216444787,0.6797812712538622,0.2832992150847666,0.1303752334308076,1.5425093191142836,1.5424515798561393,0.0,0.0,0.0,0.0,0.0,0.0,0.0,0.0,0.0,0.0,0.0,0.0,0.0,0.0,0.0,0.0,0.0,0.0
0.6884507039493825,0.2518562695786255,15.0,0.65,0.77,0.98,7186.0,0.5818748227611951,0.48912688961623607,0.37608324363748463,0.16970749813829208,0.1566404987681421,0.05220376993442329,0.0,0.0,0.0,0.0,0.0,0.0,0.0,0.0,0.0,0.0,0.0,0.0,0.0,0.0,0.0,0.0,0.0,0.0,0.0,0.0
0.6884507039493825,0.2518562695786255,15.0,0.65,0.77,0.98,7186.0,0.7670642690367278,0.7235359787902297,0.38810801078022716,0.37880839058981886,0.2611433968873985,0.0,0.0,0.0,0.0,0.0,0.0,0.0,0.0,0.0,0.0,0.0,0.0,0.0,0.0,0.0,0.0,0.0,0.0,0.0,0.0,0.0
0.6884507039493825,0.2518562695786255,15.0,0.65,0.77,0.98,7186.0,0.6381096738022606,0.5823397794484297,0.6174387416417665,0.6796139028550074,0.521929271167726,0.5601155468585486,0.4096985495328807,0.2030787568947318,0.14970581284816356,0.2256237812580653,0.18222585483222717,0.26033513092320887,0.26033513092320887,0.0,0.0,0.0,0.0,0.0,0.0,0.0,0.0,0.0,0.0,0.0,0.0,0.0
0.6884507039493825,0.2518562695786255,15.0,0.65,0.77,0.98,7186.0,0.6129512572275667,0.4319814543573699,0.3595825067933356,0.3130823193496331,0.46958159585302184,0.2608211754554073,0.43467327270632944,0.46947491172291733,0.0,0.0,0.0,0.0,0.0,0.0,0.0,0.0,0.0,0.0,0.0,0.0,0.0,0.0,0.0,0.0,0.0,0.0
0.6884507039493825,0.2518562695786255,15.0,0.75,0.75,0.94,7186.0,0.43170050403438487,0.2969630012451004,0.2471916557416099,0.2930412004310381,0.1489701890346544,0.09199744902161795,0.14018993480629013,0.10514245110471761,0.0,0.0,0.0,0.0,0.0,0.0,0.0,0.0,0.0,0.0,0.0,0.0,0.0,0.0,0.0,0.0,0.0,0.0
0.6884507039493825,0.2518562695786255,15.0,0.75,0.75,0.94,7186.0,0.8926651408692083,0.50491046567825,0.5465115777276495,0.6113094922256632,0.1051943095502092,0.10519138085727672,0.0,0.0,0.0,0.0,0.0,0.0,0.0,0.0,0.0,0.0,0.0,0.0,0.0,0.0,0.0,0.0,0.0,0.0,0.0,0.0
0.6884507039493825,0.2518562695786255,15.0,0.75,0.75,0.94,7186.0,0.7446930179461239,0.7165227647460208,0.2748067865996435,0.35677897271051023,0.4527848442391792,0.026295587717726585,0.05259117543545317,0.0,0.0,0.0,0.0,0.0,0.0,0.0,0.0,0.0,0.0,0.0,0.0,0.0,0.0,0.0,0.0,0.0,0.0,0.0
0.6884507039493825,0.2518562695786255,15.0,0.75,0.75,0.94,7186.0,0.9699845018061772,0.7104949560313875,0.7893841206563599,0.5256499867201916,0.5077812173789914,0.5673119159020127,0.20995492308023211,0.15741720145419838,0.0,0.0,0.0,0.0,0.0,0.0,0.0,0.0,0.0,0.0,0.0,0.0,0.0,0.0,0.0,0.0,0.0,0.0
0.6884507039493825,0.2518562695786255,15.0,0.75,0.75,0.94,7186.0,0.9807110722521435,0.717562117821964,0.43719042491920906,0.24207493845838218,0.05261020773833664,0.0,0.0,0.0,0.0,0.0,0.0,0.0,0.0,0.0,0.0,0.0,0.0,0.0,0.0,0.0,0.0,0.0,0.0,0.0,0.0,0.0
0.6884507039493825,0.2518562695786255,15.0,0.75,0.75,0.94,7186.0,0.5687520545596847,0.4817411738116406,0.5410199595445925,0.22355040075033913,0.10518192540686151,0.0,0.0,0.0,0.0,0.0,0.0,0.0,0.0,0.0,0.0,0.0,0.0,0.0,0.0,0.0,0.0,0.0,0.0,0.0,0.0,0.0
0.6884507039493825,0.2518562695786255,15.0,0.75,0.75,0.94,7186.0,0.8039980867105264,0.47670238516831975,0.3789411652826456,0.2629862737592879,0.289310372527753,0.22789875820669522,0.4865563315069194,0.5653459568612621,0.05013180200647167,0.3716838228082647,0.0,0.0,0.0,0.0,0.0,0.0,0.0,0.0,0.0,0.0,0.0,0.0,0.0,0.0,0.0,0.0
0.6884507039493825,0.2518562695786255,15.0,0.75,0.75,0.94,7186.0,1.039930231148523,0.8227805863365154,0.5603744655157817,0.4526621703184678,0.1314610252233396,0.4207719544035565,0.4207719544035565,0.2893062065896712,1.1857036211302563,0.8424482949709894,2.000326601764432,2.000326601764432,0.0,0.0,0.0,0.0,0.0,0.0,0.0,0.0,0.0,0.0,0.0,0.0,0.0,0.0
0.6884507039493825,0.2518562695786255,15.0,0.75,0.75,0.94,7186.0,0.8184826677671261,0.8739034294755915,1.0166911121664204,0.3819256777035546,0.07890473994467914,0.1841169185889359,0.21042435728851808,0.0,0.0,0.0,0.0,0.0,0.0,0.0,0.0,0.0,0.0,0.0,0.0,0.0,0.0,0.0,0.0,0.0,0.0,0.0
0.6884507039493825,0.2518562695786255,15.0,0.75,0.75,0.94,7186.0,1.1391200344949304,0.9949006254779051,0.8132905246662759,0.4210586164510613,0.5263672413371133,0.0,0.0,0.0,0.0,0.0,0.0,0.0,0.0,0.0,0.0,0.0,0.0,0.0,0.0,0.0,0.0,0.0,0.0,0.0,0.0,0.0
0.6884507039493825,0.2518562695786255,15.0,0.71,0.84,0.92,7186.0,1.066381898698043,0.8468693192417954,0.670668667062445,0.318621798399742,0.17835248099118012,0.11537318634606923,0.1573315772612456,0.0,0.0,0.0,0.0,0.0,0.0,0.0,0.0,0.0,0.0,0.0,0.0,0.0,0.0,0.0,0.0,0.0,0.0,0.0
0.6884507039493825,0.2518562695786255,15.0,0.71,0.84,0.92,7186.0,0.718365030924565,0.488419030743964,0.22752384082891533,0.2625225784330088,0.2362593183478471,0.9077473977390887,0.8414660958730993,0.5251656671899486,0.4025699071963597,0.07869896149087356,0.052460142205899826,0.052460142205899826,0.0,0.0,0.0,0.0,0.0,0.0,0.0,0.0,0.0,0.0,0.0,0.0,0.0,0.0
0.6884507039493825,0.2518562695786255,15.0,0.71,0.84,0.92,7186.0,0.5748734390350246,0.4632464500790819,0.4309585688789825,0.33037363880124254,0.026256988902667817,0.0,0.0,0.0,0.0,0.0,0.0,0.0,0.0,0.0,0.0,0.0,0.0,0.0,0.0,0.0,0.0,0.0,0.0,0.0,0.0,0.0
0.6884507039493825,0.2518562695786255,15.0,0.71,0.84,0.92,7186.0,0.4450096753214661,0.4542753990962831,0.6607674150159424,0.8941093022535066,0.6828496947317637,0.9633005771250492,0.47706349708106127,0.5321115396073022,0.25506569153211495,0.1568656039524678,2.896319181201835e-16,2.896319181201835e-16,0.7852060641796341,0.45614435872512166,0.0,0.0,0.0,0.0,0.0,0.0,0.0,0.0,0.0,0.0,0.0,0.0
0.6884507039493825,0.2518562695786255,15.0,0.71,0.84,0.92,7186.0,0.8176140170798322,0.5577181264138864,0.5016612452729958,0.36803172391093764,0.6510877027186744,0.4958999869123441,0.283627487892655,0.2888350798403553,0.2625693844096083,0.0,0.0,0.0,0.0,0.0,0.0,0.0,0.0,0.0,0.0,0.0,0.0,0.0,0.0,0.0,0.0,0.0
0.6884507039493825,0.2518562695786255,15.0,0.71,0.84,0.92,7186.0,1.0273635837965052,0.8617756105950545,0.5887275066435287,0.4529562636428053,0.5147591502742099,0.2624347292009806,-3.1692039477007107e-16,-3.1692039477007107e-16,-3.1692039477007107e-16,-3.1692039477007107e-16,0.15742115893918127,0.15742115893918127,0.0,0.0,0.0,0.0,0.0,0.0,0.0,0.0,0.0,0.0,0.0,0.0,0.0,0.0
0.6884507039493825,0.2518562695786255,15.0,0.71,0.84,0.92,7186.0,0.49795890382178176,0.5494859248904352,0.45106416381144565,0.9252842906077614,0.6704276307072886,0.1837262552702166,0.1837262552702166,0.3149717978809152,0.0,0.0,0.0,0.0,0.0,0.0,0.0,0.0,0.0,0.0,0.0,0.0,0.0,0.0,0.0,0.0,0.0,0.0
0.6884507039493825,0.2518562695786255,15.0,0.71,0.84,0.92,7186.0,0.750816543146023,0.5706453291988711,0.5424849723301529,0.6058026753870681,0.1313557801092615,0.1050811199951665,0.0,0.0,0.0,0.0,0.0,0.0,0.0,0.0,0.0,0.0,0.0,0.0,0.0,0.0,0.0,0.0,0.0,0.0,0.0,0.0
0.6884507039493825,0.2518562695786255,15.0,0.71,0.84,0.92,7186.0,0.5398236884923385,0.4679215960447228,0.4734057023585718,0.8102667757699397,0.15753495893733863,0.5781481245172784,0.5256013299813814,0.10499213123264818,0.07874409842448614,0.10498921367843794,0.0,0.0,0.0,0.0,0.0,0.0,0.0,0.0,0.0,0.0,0.0,0.0,0.0,0.0,0.0,0.0
0.6884507039493825,0.2518562695786255,15.0,0.71,0.84,0.92,7186.0,0.6663714502909518,0.5363876845548242,0.41390991730679033,0.33113649386310817,0.07500851092345522,0.07875298343370128,0.07000740698598687,0.14001481397197382,0.0787495641047,0.2625277272329605,0.2625277272329605,0.0,0.0,0.0,0.0,0.0,0.0,0.0,0.0,0.0,0.0,0.0,0.0,0.0,0.0,0.0
0.6884507039493825,0.2518562695786255,15.0,0.66,0.79,0.81,7186.0,0.9535603700634349,0.7540423441260093,0.6490522009189862,0.3083481578836281,0.9413348994638536,0.5001478508290534,0.6658287108382179,0.05727446937359805,0.05727446937359805,0.05727446937359805,0.0,0.0,0.0,0.0,0.0,0.0,0.0,0.0,0.0,0.0,0.0,0.0,0.0,0.0,0.0,0.0
0.6884507039493825,0.2518562695786255,15.0,0.66,0.79,0.81,7186.0,0.8308178414501348,0.5230829084416083,0.395886776823071,0.29698707737766666,0.12172404621491022,0.6058858703800463,0.3245525487075056,0.4103104407093896,1.0307621640892375,0.4578244275399093,-1.1607997854221844e-15,0.05718097039775721,0.0,0.0,0.0,0.0,0.0,0.0,0.0,0.0,0.0,0.0,0.0,0.0,0.0,0.0
0.6884507039493825,0.2518562695786255,15.0,0.66,0.79,0.81,7186.0,0.6275939168315882,0.6760805712106863,0.44588540751398303,0.2752916481260986,0.4418035818872085,0.47544696738391273,0.1719771579683608,0.2292791180641089,0.0,0.0,0.0,0.0,0.0,0.0,0.0,0.0,0.0,0.0,0.0,0.0,0.0,0.0,0.0,0.0,0.0,0.0
0.6884507039493825,0.2518562695786255,15.0,0.66,0.79,0.81,7186.0,1.0219952902197353,0.6586043250286806,0.5592542255637774,0.3739236551177716,0.4585233704617635,0.4909775067960293,0.48097324484797116,0.34351687954044363,0.2288789140033596,0.0,0.0,0.0,0.0,0.0,0.0,0.0,0.0,0.0,0.0,0.0,0.0,0.0,0.0,0.0,0.0,0.0
0.6884507039493825,0.2518562695786255,15.0,0.66,0.79,0.81,7186.0,0.4243869767328555,0.36042778220915783,0.3297183891086245,0.2723282803570131,0.07642718957738326,0.43016240409140627,0.48747650997108466,0.11462821175959637,0.11462821175959637,0.0,0.0,0.0,0.0,0.0,0.0,0.0,0.0,0.0,0.0,0.0,0.0,0.0,0.0,0.0,0.0,0.0
0.6884507039493825,0.2518562695786255,15.0,0.66,0.79,0.81,7186.0,0.527893813873518,0.6843286084089882,0.6103812498936518,0.15287700232497345,0.6597304023734103,0.602374728418435,0.602374728418435,0.0,0.0,0.0,0.0,0.0,0.0,0.0,0.0,0.0,0.0,0.0,0.0,0.0,0.0,0.0,0.0,0.0,0.0,0.0
0.6884507039493825,0.2518562695786255,15.0,0.66,0.79,0.81,7186.0,0.9266368116054617,0.7581472156067633,0.21893328175768298,0.24369048302858595,0.2867032340439487,0.8905079923728708,0.22927983325739923,0.20058700875438273,0.22924768392743092,0.0,0.0,0.0,0.0,0.0,0.0,0.0,0.0,0.0,0.0,0.0,0.0,0.0,0.0,0.0,0.0,0.0
0.6884507039493825,0.2518562695786255,15.0,0.66,0.79,0.81,7186.0,1.1760492601650043,0.8809141990670022,0.7420908518249818,0.4335387509326862,0.3568398117880946,0.2620734063497729,0.32969242872959115,0.3869965833889284,0.43957917494408316,0.15278278190874411,0.11458708643155811,0.11458708643155811,1.4917980265942996e-15,1.4917980265942996e-15,0.11457451804948314,0.0,0.0,0.0,0.0,0.0,0.0,0.0,0.0,0.0,0.0,0.0
0.6884507039493825,0.2518562695786255,15.0,0.66,0.79,0.81,7186.0,0.9576647681902712,0.6377691248955051,0.2950000171958383,0.26528346016869186,0.1338001788559078,6.556029717792364e-17,0.31541412917519446,0.40146018284989876,0.0,0.0,0.0,0.0,0.0,0.0,0.0,0.0,0.0,0.0,0.0,0.0,0.0,0.0,0.0,0.0,0.0,0.0
0.6884507039493825,0.2518562695786255,15.0,0.66,0.79,0.81,7186.0,0.7960259911939765,0.5825918730893409,0.6122528907902747,0.21783185813597514,0.16240793052333527,0.08597401225991491,1.3771698158820957,0.6879383889783323,3.158420053899838,0.6879091937916914,0.8887122901330368,1.720176543804324,0.0,0.0,0.0,0.0,0.0,0.0,0.0,0.0,0.0,0.0,0.0,0.0,0.0,0.0
0.6884507039493825,0.2518562695786255,15.0,0.87,0.92,0.94,7186.0,1.1447170259938981,0.7847056874225626,0.6315647606729942,0.2773453489227404,0.22315334851102617,0.2677813787792052,0.25609785616657355,0.2478897472733366,0.4957599577943599,0.5782517671377022,0.9348223210753263,0.59468213999745,0.525423510496773,0.10881623353023322,0.12365707027712604,0.1483917981886608,0.19784744460446313,0.12360853655283605,1.0392400511335764,1.0392400511335764,0.0,0.0,0.0,0.0,0.0,0.0
0.6884507039493825,0.2518562695786255,15.0,0.87,0.92,0.94,7186.0,0.653486611723327,0.49702020475737285,0.2879719879574026,0.1488991737054444,0.7580074410401043,1.193409536424821,0.0,0.0,0.0,0.0,0.0,0.0,0.0,0.0,0.0,0.0,0.0,0.0,0.0,0.0,0.0,0.0,0.0,0.0,0.0,0.0
0.6884507039493825,0.2518562695786255,15.0,0.87,0.92,0.94,7186.0,0.40753099171595186,0.40520495051414007,0.24009749725845672,0.2483755740488468,0.29806066481158816,0.29806066481158816,0.0,0.0,0.0,0.0,0.0,0.0,0.0,0.0,0.0,0.0,0.0,0.0,0.0,0.0,0.0,0.0,0.0,0.0,0.0,0.0
0.6884507039493825,0.2518562695786255,15.0,0.87,0.92,0.94,7186.0,0.786192525495257,0.7388378662550548,0.3389286641904416,0.6007404172021865,0.4416072874026485,0.3041090474183373,0.16249825207832172,0.0,0.0,0.0,0.0,0.0,0.0,0.0,0.0,0.0,0.0,0.0,0.0,0.0,0.0,0.0,0.0,0.0,0.0,0.0
0.6884507039493825,0.2518562695786255,15.0,0.87,0.92,0.94,7186.0,0.9650822291725005,0.8818437473733642,0.5767718929923109,0.770454854906361,0.049623605888904646,0.0,0.0,0.0,0.0,0.0,0.0,0.0,0.0,0.0,0.0,0.0,0.0,0.0,0.0,0.0,0.0,0.0,0.0,0.0,0.0,0.0
0.6884507039493825,0.2518562695786255,15.0,0.87,0.92,0.94,7186.0,0.6863446545249478,0.4254277669130568,0.4742046723182114,0.6260377468919589,1.4413911731676357,0.0,0.0,0.0,0.0,0.0,0.0,0.0,0.0,0.0,0.0,0.0,0.0,0.0,0.0,0.0,0.0,0.0,0.0,0.0,0.0,0.0
0.6884507039493825,0.2518562695786255,15.0,0.87,0.92,0.94,7186.0,0.5104662392325702,0.4025921676806169,0.38103684340513544,0.04967273644459937,0.0,0.0,0.0,0.0,0.0,0.0,0.0,0.0,0.0,0.0,0.0,0.0,0.0,0.0,0.0,0.0,0.0,0.0,0.0,0.0,0.0,0.0
0.6884507039493825,0.2518562695786255,15.0,0.87,0.92,0.94,7186.0,0.5168244227375836,0.43461996200248565,0.2843703466945016,0.23167319404167222,0.21509193388728554,0.19853191409170357,0.0,0.0,0.0,0.0,0.0,0.0,0.0,0.0,0.0,0.0,0.0,0.0,0.0,0.0,0.0,0.0,0.0,0.0,0.0,0.0
0.6884507039493825,0.2518562695786255,15.0,0.87,0.92,0.94,7186.0,0.8086391866384004,0.782978541664265,0.32264352779659883,0.24818415592008652,0.04961688762484207,0.04961688762484207,0.0,0.0,0.0,0.0,0.0,0.0,0.0,0.0,0.0,0.0,0.0,0.0,0.0,0.0,0.0,0.0,0.0,0.0,0.0,0.0
0.6884507039493825,0.2518562695786255,15.0,0.87,0.92,0.94,7186.0,0.41749893970417257,0.42822462700998454,0.3080232651338729,0.3477819722163506,0.0,0.0,0.0,0.0,0.0,0.0,0.0,0.0,0.0,0.0,0.0,0.0,0.0,0.0,0.0,0.0,0.0,0.0,0.0,0.0,0.0,0.0
0.6884507039493825,0.2518562695786255,15.0,0.66,0.82,0.93,7186.0,0.8242667729080414,0.5732836577487703,0.5546576417306742,0.5756957541021906,0.22958061758922643,0.22251886703080803,0.05296216154359332,0.39743429435641503,0.3444584572741464,8.180572206781516e-16,0.10592238345919541,0.10592238345919541,0.10592238345919541,0.0,0.0,0.0,0.0,0.0,0.0,0.0,0.0,0.0,0.0,0.0,0.0,0.0
0.6884507039493825,0.2518562695786255,15.0,0.66,0.82,0.93,7186.0,0.4099350217873908,0.34866128187389833,0.5078577153848525,0.41140395767278876,0.12584516766184095,0.12106852299063141,0.10592965465483765,0.459221445053369,0.29134396705293697,0.0,0.0,0.0,0.0,0.0,0.0,0.0,0.0,0.0,0.0,0.0,0.0,0.0,0.0,0.0,0.0,0.0
0.6884507039493825,0.2518562695786255,15.0,0.66,0.82,0.93,7186.0,0.6616276164701917,0.5692702409280058,0.4687400050062001,0.2333010200412886,0.0,0.0,0.0,0.0,0.0,0.0,0.0,0.0,0.0,0.0,0.0,0.0,0.0,0.0,0.0,0.0,0.0,0.0,0.0,0.0,0.0,0.0
0.6884507039493825,0.2518562695786255,15.0,0.66,0.82,0.93,7186.0,0.541132510622879,0.4491735814579145,0.34085640186030286,0.0,0.0,0.0,0.0,0.0,0.0,0.0,0.0,0.0,0.0,0.0,0.0,0.0,0.0,0.0,0.0,0.0,0.0,0.0,0.0,0.0,0.0,0.0
0.6884507039493825,0.2518562695786255,15.0,0.66,0.82,0.93,7186.0,1.0619537375923715,1.0017380146350088,0.6081117014657298,0.5975173673909995,0.45058248075825585,0.3976252796076786,0.28230343883327924,0.2446258322313475,0.8315489398007866,1.216955787827565,0.0,0.0,0.0,0.0,0.0,0.0,0.0,0.0,0.0,0.0,0.0,0.0,0.0,0.0,0.0,0.0
0.6884507039493825,0.2518562695786255,15.0,0.66,0.82,0.93,7186.0,1.3838049149711975,0.9622337187237718,0.4650908432379743,0.3050197721291443,0.4906253110475208,0.5407444127344518,0.5873792450879306,0.19339580826807706,0.20869685002418734,0.0,0.0,0.0,0.0,0.0,0.0,0.0,0.0,0.0,0.0,0.0,0.0,0.0,0.0,0.0,0.0,0.0
0.6884507039493825,0.2518562695786255,15.0,0.66,0.82,0.93,7186.0,0.8170967796594852,0.8299863516780259,0.8343297212472502,0.66575756203355,0.7574601516992531,0.34436854032936204,0.4238628360535661,0.5563755971192191,0.0,0.0,0.0,0.0,0.0,0.0,0.0,0.0,0.0,0.0,0.0,0.0,0.0,0.0,0.0,0.0,0.0,0.0
0.6884507039493825,0.2518562695786255,15.0,0.66,0.82,0.93,7186.0,0.8025133822339168,0.7613914574520323,0.5193674121159348,0.575488817423652,0.5194996970377932,0.3530482995965429,0.2383213553285665,0.2912610365076943,0.10587936235821496,0.0,0.0,0.0,0.0,0.0,0.0,0.0,0.0,0.0,0.0,0.0,0.0,0.0,0.0,0.0,0.0,0.0
0.6884507039493825,0.2518562695786255,15.0,0.66,0.82,0.93,7186.0,0.5374793647548218,0.4843990824378543,0.36352276020901314,0.0,0.0,0.0,0.0,0.0,0.0,0.0,0.0,0.0,0.0,0.0,0.0,0.0,0.0,0.0,0.0,0.0,0.0,0.0,0.0,0.0,0.0,0.0
0.6884507039493825,0.2518562695786255,15.0,0.66,0.82,0.93,7186.0,0.8770391850166412,0.6575726357807585,0.20856720508351817,0.34434093966512036,0.4001486561498123,0.2642329630724344,0.44939255663402067,0.5641186219462027,0.0,0.0,0.0,0.0,0.0,0.0,0.0,0.0,0.0,0.0,0.0,0.0,0.0,0.0,0.0,0.0,0.0,0.0
0.6884507039493825,0.2518562695786255,15.0,0.69,0.77,0.78,7186.0,0.8342572001842659,0.748183927860133,0.7447861058822111,0.8983659389431099,0.274966128457004,0.279850607678739,0.3951216772488505,0.4144987350588749,0.600808725571739,0.8493940786555289,0.8112847443486522,0.25473044480833157,0.35986844475445673,0.36738741468140834,0.0,0.0,0.0,0.0,0.0,0.0,0.0,0.0,0.0,0.0,0.0,0.0
0.6884507039493825,0.2518562695786255,15.0,0.69,0.77,0.78,7186.0,0.834462064025693,0.7378705642258202,0.9159321640901652,0.8476967011526177,0.3502346700402944,0.17977996621793182,0.10825107857904882,0.613542975127268,0.9575329900099188,0.42758254305496096,0.2331118683765943,0.05823246898970084,0.05823246898970084,0.05823246898970084,1.574427683744492,0.8745233489800892,0.11646031462014443,0.17469524655860275,0.17469524655860275,0.0,0.0,0.0,0.0,0.0,0.0,0.0
0.6884507039493825,0.2518562695786255,15.0,0.69,0.77,0.78,7186.0,0.9079625817650422,0.6319519257865535,0.9552367279712531,0.4936873184421504,0.29181554830385653,0.7723832064616585,1.16079702161268,0.46844113174624996,0.3932495089901031,0.07358114048141225,4.515605264005307e-16,0.09327690997529053,0.0,0.0,0.0,0.0,0.0,0.0,0.0,0.0,0.0,0.0,0.0,0.0,0.0,0.0
0.6884507039493825,0.2518562695786255,15.0,0.69,0.77,0.78,7186.0,1.1340799194874431,0.8585784067887319,0.6279051163664909,0.408696593235007,0.7786045883467865,0.0,0.0,0.0,0.0,0.0,0.0,0.0,0.0,0.0,0.0,0.0,0.0,0.0,0.0,0.0,0.0,0.0,0.0,0.0,0.0,0.0
0.6884507039493825,0.2518562695786255,15.0,0.69,0.77,0.78,7186.0,0.8694662996096245,0.8297144668331267,0.8539580677975559,0.5067934190383613,0.6492285571646018,0.33920203622654366,0.10837417367801269,0.1517314981303372,0.145873448786607,0.05834045043667505,0.8923372646477284,0.7212142782179738,0.5481488554950357,0.1020624581487888,0.058315941138545345,0.058315941138545345,0.058315941138545345,0.0,0.0,0.0,0.0,0.0,0.0,0.0,0.0,0.0
0.6884507039493825,0.2518562695786255,15.0,0.69,0.77,0.78,7186.0,0.6587193707026981,0.5033852299340865,0.5712751309729017,0.5924642344740549,0.28780662727339873,0.5884353116879194,0.5836219433629716,0.6076942099498926,0.19001399617583153,0.2034992024868083,0.065926642225288,0.09514552360379853,-1.2425183387072027e-15,0.09098595302066445,0.0,0.0,0.0,0.0,0.0,0.0,0.0,0.0,0.0,0.0,0.0,0.0
0.6884507039493825,0.2518562695786255,15.0,0.69,0.77,0.78,7186.0,0.6703274499485344,0.5888169820348538,0.22775475496558303,0.44169642401026954,0.5964204903441832,0.24322300115575227,0.35021359398288704,0.35021359398288704,0.35021359398288704,0.0,0.0,0.0,0.0,0.0,0.0,0.0,0.0,0.0,0.0,0.0,0.0,0.0,0.0,0.0,0.0,0.0
0.6884507039493825,0.2518562695786255,15.0,0.69,0.77,0.78,7186.0,0.8069412994289356,0.6891393612319632,0.5532347502985346,0.7248973436987396,0.45906369038839323,0.35486289674690874,0.480708220243634,0.5669622254260267,0.5110197713655824,0.566147438904298,0.494632632675212,0.33745976496164093,0.1121213235311634,0.11141409551499727,0.1119566672673033,0.0,0.0,0.0,0.0,0.0,0.0,0.0,0.0,0.0,0.0,0.0
0.6884507039493825,0.2518562695786255,15.0,0.69,0.77,0.78,7186.0,0.9943034068870916,0.8150592340450911,0.27036984731830166,0.44374716319083257,0.3978822177121619,0.3150463855118064,0.05831523573166325,0.0,0.0,0.0,0.0,0.0,0.0,0.0,0.0,0.0,0.0,0.0,0.0,0.0,0.0,0.0,0.0,0.0,0.0,0.0
0.6884507039493825,0.2518562695786255,15.0,0.69,0.77,0.78,7186.0,0.5959879243678244,0.3279232764392645,0.2586057762844678,0.22191699722105795,0.23353479981141348,0.23353479981141348,0.19461149817401027,0.1167464817009806,0.1167464817009806,0.0,0.0,0.0,0.0,0.0,0.0,0.0,0.0,0.0,0.0,0.0,0.0,0.0,0.0,0.0,0.0,0.0
0.6884507039493825,0.2518562695786255,15.0,0.67,0.8,0.88,7186.0,0.6131431890634985,0.6064415645672588,0.3063548590550417,0.09114977265124359,3.6659194204428014e-16,3.6659194204428014e-16,1.2058711752236582,0.16406443629591602,0.16406443629591602,0.16406443629591602,0.08203096403766956,1.1495774803459005,0.5107364347007076,0.19138771922884865,0.0,0.0,0.0,0.0,0.0,0.0,0.0,0.0,0.0,0.0,0.0,0.0
0.6884507039493825,0.2518562695786255,15.0,0.67,0.8,0.88,7186.0,0.6318078061795285,0.4173557172863223,0.3009724635239375,0.2680515998255236,0.24070520318206304,0.20787476546007055,0.2598434568250882,0.21877991276086797,0.21877991276086797,0.16403957036297936,0.0,0.0,0.0,0.0,0.0,0.0,0.0,0.0,0.0,0.0,0.0,0.0,0.0,0.0,0.0,0.0
0.6884507039493825,0.2518562695786255,15.0,0.67,0.8,0.88,7186.0,0.7046909499772411,0.6361550982139064,0.42330113099671957,0.1015613190286222,0.14219540708147696,1.024425164808527e-15,0.05467798013821739,0.05467798013821739,0.05467798013821739,0.0,0.0,0.0,0.0,0.0,0.0,0.0,0.0,0.0,0.0,0.0,0.0,0.0,0.0,0.0,0.0,0.0
0.6884507039493825,0.2518562695786255,15.0,0.67,0.8,0.88,7186.0,0.6419038649466048,0.619454120234581,0.6214269588395159,0.6259062163652839,0.574630068354146,0.0363720278754024,0.6230274282611823,0.34562038049372884,0.2910354268645193,0.19093934851736682,0.27278343357923224,0.0,0.0,0.0,0.0,0.0,0.0,0.0,0.0,0.0,0.0,0.0,0.0,0.0,0.0,0.0
0.6884507039493825,0.2518562695786255,15.0,0.67,0.8,0.88,7186.0,0.952720019147915,0.8289843625679126,0.6178868240084565,0.29553083784561435,0.10928281651152777,0.08742564888126836,0.16392535821412552,0.20035573384985397,0.19124700654965496,0.0,0.0,0.0,0.0,0.0,0.0,0.0,0.0,0.0,0.0,0.0,0.0,0.0,0.0,0.0,0.0,0.0
0.6884507039493825,0.2518562695786255,15.0,0.67,0.8,0.88,7186.0,1.3631515156973733,0.7913337965323487,0.5832173770749469,0.4458124358882274,0.5516131569819701,0.2733532239950986,0.3006964079431639,0.0,0.0,0.0,0.0,0.0,0.0,0.0,0.0,0.0,0.0,0.0,0.0,0.0,0.0,0.0,0.0,0.0,0.0,0.0
0.6884507039493825,0.2518562695786255,15.0,0.67,0.8,0.88,7186.0,0.7337730321570549,0.44888087862931886,0.9497221244468904,0.9738718979516697,0.45805323701609263,0.35239554728384725,0.2730020325820214,0.49680367356511945,0.46352034133804665,0.1814512681550443,0.1905216721866446,0.35385423353625595,0.21773283696366966,0.1632917172946353,0.054418521038493144,0.054418521038493144,0.0,0.0,0.0,0.0,0.0,0.0,0.0,0.0,0.0,0.0
0.6884507039493825,0.2518562695786255,15.0,0.67,0.8,0.88,7186.0,0.653659997796776,0.22558144385021797,0.5474385872102044,0.30616054271522225,1.2582528847674822e-16,0.16395177196787242,0.16395177196787242,0.0,0.0,0.0,0.0,0.0,0.0,0.0,0.0,0.0,0.0,0.0,0.0,0.0,0.0,0.0,0.0,0.0,0.0,0.0
0.6884507039493825,0.2518562695786255,15.0,0.67,0.8,0.88,7186.0,0.8620926142598725,0.6311264297307568,0.3133126524775032,0.21874957146681082,3.884094990623012e-16,3.884094990623012e-16,3.884094990623012e-16,0.4924957425089976,0.5471610119864506,0.8754242414493425,0.21865436857941473,0.0,0.0,0.0,0.0,0.0,0.0,0.0,0.0,0.0,0.0,0.0,0.0,0.0,0.0,0.0
0.6884507039493825,0.2518562695786255,15.0,0.67,0.8,0.88,7186.0,0.4047665903639539,0.3242681452069408,0.5565989643713748,0.254764597366333,0.29116960661509766,0.24568624858204496,0.3002620545143115,0.0,0.0,0.0,0.0,0.0,0.0,0.0,0.0,0.0,0.0,0.0,0.0,0.0,0.0,0.0,0.0,0.0,0.0,0.0
0.6884507039493825,0.2518562695786255,15.0,0.66,0.75,0.78,7186.0,0.7203335883268024,0.4723171314420492,0.5356706135496045,0.14737636016157096,0.8857376416670967,0.3792935090475115,1.0473502759137703,0.570474078476917,0.16487579830137455,0.9189948360233892,0.3335325493683743,0.11604310450520067,0.10768159123243726,0.0,0.0,0.0,0.0,0.0,0.0,0.0,0.0,0.0,0.0,0.0,0.0,0.0
0.6884507039493825,0.2518562695786255,15.0,0.66,0.75,0.78,7186.0,1.070998537340416,0.48849931844144767,0.14737818463848504,0.4370079708173814,0.2358235448588027,0.11785884981367653,0.11785884981367656,0.11785884981367656,0.0,0.0,0.0,0.0,0.0,0.0,0.0,0.0,0.0,0.0,0.0,0.0,0.0,0.0,0.0,0.0,0.0,0.0
0.6884507039493825,0.2518562695786255,15.0,0.66,0.75,0.78,7186.0,0.6331671089367943,0.5944181832934109,0.3116375091893243,0.8973687030128523,0.8563530503857893,0.59859627242227,2.540584004549648e-16,1.7702100392877536,0.41276628093765977,0.5601215592710204,1.1202431185420407,0.0,0.0,0.0,0.0,0.0,0.0,0.0,0.0,0.0,0.0,0.0,0.0,0.0,0.0,0.0
0.6884507039493825,0.2518562695786255,15.0,0.66,0.75,0.78,7186.0,0.6456181570856026,0.361707835333201,0.3612244562345677,0.17689488500453912,1.093448071171955,0.7221567312732772,0.1868887198254721,0.16928477569431935,0.12485818304207763,0.14524656661918928,0.0,0.0,0.0,0.0,0.0,0.0,0.0,0.0,0.0,0.0,0.0,0.0,0.0,0.0,0.0,0.0
0.6884507039493825,0.2518562695786255,15.0,0.66,0.75,0.78,7186.0,1.3078392164011767,0.6661595372276115,0.3044168829535995,0.4088370434888086,0.25255361034262985,0.14730850757673167,0.1571342267068177,0.17675668382366805,0.0,0.0,0.0,0.0,0.0,0.0,0.0,0.0,0.0,0.0,0.0,0.0,0.0,0.0,0.0,0.0,0.0,0.0
0.6884507039493825,0.2518562695786255,15.0,0.66,0.75,0.78,7186.0,0.7280331179242303,0.717597808687554,0.45621914842498007,0.25382237513623324,0.24102101739985085,0.24155928977285274,0.2882667468783844,0.4789118015771353,0.08240477154787941,0.07062726583400082,0.029425883559896737,1.5637517577934479,1.2386495523718726,0.7817943264855515,1.025585918448159,1.418306727676761,0.6514733365257314,0.21253580340425246,0.24735812533931137,0.5590269469139164,0.0,0.0,0.0,0.0,0.0,0.0
0.6884507039493825,0.2518562695786255,15.0,0.66,0.75,0.78,7186.0,0.9883484088885128,0.8089964282539318,0.7146685427477459,0.20303281895544098,0.11788000875619833,0.11788355154728906,0.11786583759187343,0.11786583759187343,0.11786583759187343,0.0,0.0,0.0,0.0,0.0,0.0,0.0,0.0,0.0,0.0,0.0,0.0,0.0,0.0,0.0,0.0,0.0
0.6884507039493825,0.2518562695786255,15.0,0.66,0.75,0.78,7186.0,0.5425882176103342,0.5518622613782478,0.3621688809119163,-1.2349464026468657e-15,0.11787664212572518,0.11787664212572518,0.0,0.0,0.0,0.0,0.0,0.0,0.0,0.0,0.0,0.0,0.0,0.0,0.0,0.0,0.0,0.0,0.0,0.0,0.0,0.0
0.6884507039493825,0.2518562695786255,15.0,0.66,0.75,0.78,7186.0,0.6415429946200281,0.4791032214604516,0.5220801851483174,0.3834863852977628,0.5905635225819672,0.48101007907819565,0.6279894431433409,0.45724577223815727,0.8114540017507631,0.46209265307767783,1.0621894112000216,0.9633793360503434,0.6907777128826433,0.7583279196039615,0.6129254210001943,1.1077913545427949,0.622785838336128,0.0839776506716017,0.08262590265991995,0.7027197977777252,0.12319920979594869,0.9386676100721126,-2.631151907712972e-16,0.06930731419702225,0.1861135492233586,0.1872803927943023
0.6884507039493825,0.2518562695786255,15.0,0.66,0.75,0.78,7186.0,0.7001283337825768,0.5128021962404337,0.644438322146998,0.6268760753774846,0.4522306209056645,0.589937489531673,1.3151457055543894e-17,1.3151457055543894e-17,0.2947270132386414,0.0,0.0,0.0,0.0,0.0,0.0,0.0,0.0,0.0,0.0,0.0,0.0,0.0,0.0,0.0,0.0,0.0
