inf_prob,diag_prob,i0,vaccine_efficacy1,vaccine_efficacy2,infection_efficacy,first_outbreak_size,0,1,2,3,4,5,6,7,8,9,10,11,12,13,14,15,16,17,18,19,20,21,22,23,24,25
0.6835723438286112,0.2467706612195748,14.0,0.0,0.0,0.9,7211.0,1.3039502553204783,1.134490152697979,0.4113565656908296,0.2983205032187169,0.16611940456912425,1.663700285636542,0.6640296830932148,1.584017341547735,0.22123688901067592,1.8227904853503187,0.3436602977220183,0.46210061017870174,0.47417869683951475,1.1931042717219111,0.8746249364535261,1.0031463126788358,1.0077356810494127,0.43780070643350905,0.3667937585909194,0.12616204471039316,0.14193685065169384,0.18924566598727213,0.18922486565584085,0.18922486565584085,0.0,0.0
0.6835723438286112,0.2467706612195748,14.0,0.0,0.0,0.9,7211.0,1.5891236548222143,1.4828162830913372,0.9204778973915857,0.6986725191301946,0.4297641649050974,0.2462774495009677,0.40298439331644165,0.5448628483208479,0.9885092939081747,0.18927043475846556,0.6441290142299152,0.5209196781994735,0.5679376052934664,0.09460859608202907,0.09460859608202907,0.0,0.0,0.0,0.0,0.0,0.0,0.0,0.0,0.0,0.0,0.0
0.6835723438286112,0.2467706612195748,14.0,0.0,0.0,0.9,7211.0,1.88142174996671,1.2243700782035318,0.817145173183394,0.612900277443851,0.32684710552237106,0.3414962601456891,0.40316167544670317,0.5217830882569492,0.2371242807403771,0.2845387180948471,0.2845244042469348,0.47422470416430706,0.09482315047745188,0.09482315047745188,0.0,0.0,0.0,0.0,0.0,0.0,0.0,0.0,0.0,0.0,0.0,0.0
0.6835723438286112,0.2467706612195748,14.0,0.0,0.0,0.9,7211.0,0.8681983944297544,0.5378748602356939,0.5378261778615221,0.1897735656849691,-2.5773574105591014e-16,-2.5773574105591014e-16,0.0948787089726813,0.158127707487812,0.18975220699875808,0.0948682870793504,0.0,0.0,0.0,0.0,0.0,0.0,0.0,0.0,0.0,0.0,0.0,0.0,0.0,0.0,0.0,0.0
0.6835723438286112,0.2467706612195748,14.0,0.0,0.0,0.9,7211.0,1.1332020164555896,0.8458857828154444,0.9614427610619442,0.6834569454982204,0.34480933133326785,0.3314837191737387,0.1691013991959652,0.6903235041731538,0.3774962659978364,0.27549256092192215,0.20922323237261045,0.24989495498782505,0.08301039046016757,0.6642702302262242,0.3328567188368731,0.25017972957221424,0.0,0.0,0.0,0.0,0.0,0.0,0.0,0.0,0.0,0.0
0.6835723438286112,0.2467706612195748,14.0,0.0,0.0,0.9,7211.0,1.6027050327464938,0.8113759250706672,0.41420397488160887,0.4831493625603903,0.316294986113507,0.41750888078396464,0.9489449401279374,0.5692966382049937,0.28188360916886973,0.18046608458321123,0.0,0.0,0.0,0.0,0.0,0.0,0.0,0.0,0.0,0.0,0.0,0.0,0.0,0.0,0.0,0.0
0.6835723438286112,0.2467706612195748,14.0,0.0,0.0,0.9,7211.0,1.902172267889821,1.3767425261942356,0.9318735471148204,0.6895874680483003,0.4809293898880086,0.43925829837759905,0.43897058783520804,0.4034640237126666,0.29766903449195886,0.6610255687850625,0.5145919246815207,0.9560695962678863,0.257349954927113,0.2889371519780059,0.27628973627210635,2.5210374963439935e-15,0.29257482019595893,0.195828574652634,0.4777618483605987,0.2540267419106743,0.0,0.0,0.0,0.0,0.0,0.0
0.6835723438286112,0.2467706612195748,14.0,0.0,0.0,0.9,7211.0,1.201012186095046,0.9259486716234906,0.5611417715683316,0.3321441838490506,0.25302781756648224,0.15812110438942442,0.0,0.0,0.0,0.0,0.0,0.0,0.0,0.0,0.0,0.0,0.0,0.0,0.0,0.0,0.0,0.0,0.0,0.0,0.0,0.0
0.6835723438286112,0.2467706612195748,14.0,0.0,0.0,0.9,7211.0,1.1534162006134074,0.9548214898756731,0.586649235575034,0.40317976650988,1.518496854038173,0.0,0.0,0.0,0.0,0.0,0.0,0.0,0.0,0.0,0.0,0.0,0.0,0.0,0.0,0.0,0.0,0.0,0.0,0.0,0.0,0.0
0.6835723438286112,0.2467706612195748,14.0,0.0,0.0,0.9,7211.0,1.1945725837495682,1.2049656238367874,0.8706038302036517,0.9230441845398605,0.2529451814593786,0.18966589772161047,0.09482253134339658,0.0,0.0,0.0,0.0,0.0,0.0,0.0,0.0,0.0,0.0,0.0,0.0,0.0,0.0,0.0,0.0,0.0,0.0,0.0
0.6835723438286112,0.2467706612195748,14.0,0.0,0.0,0.84,7211.0,1.1777639868253542,0.8966991554271739,1.0211581330086528,1.042259603608562,0.4149070510778032,1.2605490272025244,0.3873153599408509,0.24195119571840967,0.09675929236543453,0.0,0.0,0.0,0.0,0.0,0.0,0.0,0.0,0.0,0.0,0.0,0.0,0.0,0.0,0.0,0.0,0.0
0.6835723438286112,0.2467706612195748,14.0,0.0,0.0,0.84,7211.0,0.9633418511411737,0.6993028629795137,0.9356759488655098,0.29040660978230703,0.4148989817551029,0.7608280119825845,1.0439973293017375,1.0972808733194324,0.7165363997874462,0.6625185146105683,0.5690121304356907,0.643563757384305,0.5963576072649288,0.7661789492122736,0.6908875293436225,0.49935061831071753,0.8855943913838531,0.19846002938686855,0.10668827971318029,0.0857369112613352,0.08610544972497045,0.0,0.0,0.0,0.0,0.0
0.6835723438286112,0.2467706612195748,14.0,0.0,0.0,0.84,7211.0,1.5471699075147178,1.2828967894667194,0.5888066994679664,1.147005073387659,0.6445758758053843,1.023043737253532,1.120675086420685,1.0589961378800334,0.6357825869084016,0.7594198709464174,0.7522043368020543,0.6441171474528441,0.6530878914132775,0.7477215433479392,0.1057647081602024,0.12736089444513493,1.454077340609972,-1.840180174441267e-16,0.3008122168312719,0.23017452984883133,0.2165457585487269,0.08686596076216324,0.17434188618742724,0.17483289334031382,0.0,0.0
0.6835723438286112,0.2467706612195748,14.0,0.0,0.0,0.84,7211.0,1.337878639145054,0.9901966672375493,0.9245165723731958,0.902148939688691,0.7824189006656,0.3977971189355624,0.2515593173433357,1.598592934468404,1.8675905261770265,1.2726299385390294,0.8425108407312404,0.3849893805386949,0.6035236849417815,0.3440804576925269,0.273857081048681,0.3924880380168543,0.43612852323543505,0.9786904963414051,0.1916777422790843,0.9598549714493723,0.7540504840529594,1.0451309322952584,0.770658861225814,1.1491664600791915,0.44687557055014615,0.5600265974866705
0.6835723438286112,0.2467706612195748,14.0,0.0,0.0,0.84,7211.0,1.0464303002602828,0.9475883102668747,1.1202861552633232,0.33460090241130935,0.5356708190002841,0.39592613569563717,0.2902510544268822,0.932021978367881,0.9073844219864547,1.247091533323865,0.5422269403845712,0.272669479085861,0.355816338534612,0.9014892929918553,0.7523032734971346,-4.279167866012297e-16,-4.272499896920058e-16,1.2839520104255684,0.23512753490610658,0.5140212060694835,0.600876847379061,0.0,0.0,0.0,0.0,0.0
0.6835723438286112,0.2467706612195748,14.0,0.0,0.0,0.84,7211.0,1.0116551455848,0.8405706623361959,1.1226659495873186,2.356722193994948,1.10603303074856,1.045489980875517,0.556818502615068,0.6778154639097905,0.7746711711630625,0.6775645923149847,0.22577010214711157,0.09673214523573515,0.09673214523573515,0.5397965357822102,0.8137632544433565,0.8137554920423543,-3.1771315151180027e-15,1.8863437357052089,-2.8619048479772685e-15,2.461863733983291,0.0,0.0,0.0,0.0,0.0,0.0
0.6835723438286112,0.2467706612195748,14.0,0.0,0.0,0.84,7211.0,1.1226171447152804,0.8575355927617182,0.8968444948818819,0.7169710947557356,0.3631961873991508,0.3680127095184459,0.19365213545369986,0.2904861491864856,0.2904861491864856,0.2904861491864856,0.2904861491864856,0.0,0.0,0.0,0.0,0.0,0.0,0.0,0.0,0.0,0.0,0.0,0.0,0.0,0.0,0.0
0.6835723438286112,0.2467706612195748,14.0,0.0,0.0,0.84,7211.0,1.48968755404757,1.0667235216829116,0.697477079594541,0.5996111475352897,1.1955367015725769,1.014647961017876,0.46749528653699673,0.8036820128583738,0.9443512505546289,0.4664453864979719,0.44403017671414174,0.3285050129198977,0.2544678432784518,0.254376504781705,0.1130992593521404,0.6239371379730044,0.5114573762711617,0.21354265029711772,0.2569164684328774,0.12883152186327032,0.3876190075620637,0.3459587039319906,0.0,0.0,0.0,0.0
0.6835723438286112,0.2467706612195748,14.0,0.0,0.0,0.84,7211.0,1.234128433625681,1.0255193583130708,0.7452152272221468,0.6370224090033172,0.2905024541740187,1.4542112803727054,0.8722810080096389,0.7345963517679458,0.8008105526096165,0.23636187646295842,0.7745959869432468,0.7154258769247522,0.41048212152646807,0.7563105055336409,0.6226443138363245,0.8930075072374136,0.4256078076539526,0.5803503336190958,0.47051199086808665,1.9329215827008197,0.6029340666629193,0.0,0.0,0.0,0.0,0.0
0.6835723438286112,0.2467706612195748,14.0,0.0,0.0,0.84,7211.0,1.0878213074627372,1.0509567504140447,0.6234384737909467,0.756371429734749,0.3391627248828202,0.48451060010147023,0.2260809858399988,0.2260809858399988,0.2422409870158779,0.3875643731269717,0.0,0.0,0.0,0.0,0.0,0.0,0.0,0.0,0.0,0.0,0.0,0.0,0.0,0.0,0.0,0.0
0.6835723438286112,0.2467706612195748,14.0,0.0,0.0,0.92,7211.0,0.7612915798197503,0.6769963621764312,0.7423935191038971,0.9115733504530071,2.0305164179891033,1.0548065104559998,0.17271241760964537,0.056511945835978995,0.16486986332884013,0.2825453748446054,0.9424037708626916,0.5336464105029751,0.18825373062421577,1.7915629708375929,-2.464675294096882e-16,1.2241206666135456,0.4079201443500707,0.56472054758339,0.4233954145855333,-2.9948477741621293e-16,0.18814546935551812,0.0,0.0,0.0,0.0,0.0
0.6835723438286112,0.2467706612195748,14.0,0.0,0.0,0.92,7211.0,1.6263835382628624,1.2392091613846286,1.0312989414214553,0.2828815872167519,0.34575888931025656,0.4400592827920345,0.28285969116182486,0.0,0.0,0.0,0.0,0.0,0.0,0.0,0.0,0.0,0.0,0.0,0.0,0.0,0.0,0.0,0.0,0.0,0.0,0.0
0.6835723438286112,0.2467706612195748,14.0,0.0,0.0,0.92,7211.0,1.3415100964278468,1.170217444300368,0.7764000617336455,0.4018860577858625,0.4081191620768499,1.1512000721193867,1.4408838818571585,2.658399675274562,1.3184366323845425,0.9434378110444429,0.26848360020093265,0.2960710331953093,0.9224238064594334,0.7071090283995171,1.1401144826450282,0.552011124686488,0.4947950004581366,0.9892951352533281,0.5773324943679639,0.11015683205822646,1.0517432363277306,0.27701031079539246,0.08334550354734258,0.08362295952305959,0.08396451732017622,0.0
0.6835723438286112,0.2467706612195748,14.0,0.0,0.0,0.92,7211.0,1.6252261018728036,1.096649997459942,0.8887439682662636,0.7751969947622197,0.5650727717998223,0.6083414333336186,0.784625615694591,0.18816692652807715,0.0,0.0,0.0,0.0,0.0,0.0,0.0,0.0,0.0,0.0,0.0,0.0,0.0,0.0,0.0,0.0,0.0,0.0
0.6835723438286112,0.2467706612195748,14.0,0.0,0.0,0.92,7211.0,1.6123084625617652,1.4921585355753588,0.9644176068659404,0.6514404458107937,0.7447454742657206,0.7463875823103097,0.6015476081685323,0.11740104532953527,-1.8361916374271073e-15,0.08841877913760134,0.17262791668203786,0.0,0.0,0.0,0.0,0.0,0.0,0.0,0.0,0.0,0.0,0.0,0.0,0.0,0.0,0.0
0.6835723438286112,0.2467706612195748,14.0,0.0,0.0,0.92,7211.0,1.0514854298183018,0.8488443634673526,0.99039457786549,0.8068060105451994,0.15695882394348656,0.14126604942245102,0.14126604942245102,0.565157451691902,0.565157451691902,0.0,0.0,0.0,0.0,0.0,0.0,0.0,0.0,0.0,0.0,0.0,0.0,0.0,0.0,0.0,0.0,0.0
0.6835723438286112,0.2467706612195748,14.0,0.0,0.0,0.92,7211.0,1.4963840315304053,0.9098475759596281,0.6830142588879131,0.4519465875118943,0.3530532086248046,0.6472634479011371,0.5461178012131381,0.457908671358758,0.3060835778262443,0.4646230722024449,0.46854276947490836,0.41989066408166037,0.16649853420414168,0.16548418424671157,0.24799784657087678,0.13773617637919286,0.12414988935193369,0.12451577414890833,0.0,0.0,0.0,0.0,0.0,0.0,0.0,0.0
0.6835723438286112,0.2467706612195748,14.0,0.0,0.0,0.92,7211.0,1.963330444449566,1.307058695716871,0.41149554843423336,0.505418314212963,0.4438816532127954,1.1166976053466253,0.7261367990692089,0.8880165508700674,0.6227135352484573,0.48638795689187114,0.14462299920464114,0.2831775278565819,0.4131310435005199,0.45308326204049176,0.24667222416657003,0.0,0.0,0.0,0.0,0.0,0.0,0.0,0.0,0.0,0.0,0.0
0.6835723438286112,0.2467706612195748,14.0,0.0,0.0,0.92,7211.0,1.5242640155695069,1.153921629525235,0.9289046420061827,0.6245744571539421,0.48503897240345767,0.20721315949157332,0.3139508836018033,0.3139508836018033,0.0,0.0,0.0,0.0,0.0,0.0,0.0,0.0,0.0,0.0,0.0,0.0,0.0,0.0,0.0,0.0,0.0,0.0
0.6835723438286112,0.2467706612195748,14.0,0.0,0.0,0.92,7211.0,1.8346701970137207,1.001371863688184,0.8320490046573894,0.6592123789602015,0.22759977682936705,0.1517134578903805,0.4297313057525718,1.3801124367530093,1.045199507522229,0.3596278268773916,0.13782406558808072,1.7445052290308486e-16,0.08267033163064579,0.0,0.0,0.0,0.0,0.0,0.0,0.0,0.0,0.0,0.0,0.0,0.0,0.0
0.6835723438286112,0.2467706612195748,14.0,0.0,0.0,0.9,7211.0,1.8196084640745531,1.2396650503886952,0.2552390468909885,0.6737576829514782,1.1763591341047261,0.40594220188751856,0.37880633210498404,0.8766569597700163,0.4734981572022999,0.28405518639079136,0.0,0.0,0.0,0.0,0.0,0.0,0.0,0.0,0.0,0.0,0.0,0.0,0.0,0.0,0.0,0.0
0.6835723438286112,0.2467706612195748,14.0,0.0,0.0,0.9,7211.0,1.2825717119762623,0.8137776216956293,0.39542993511191793,0.3795842864254463,0.664614749161192,0.5460007963061743,0.43678745707300914,-4.871862131191369e-16,0.22127437032380481,-9.649533272205774e-16,0.7389618911858928,1.6942572238212554,1.179879239800973,0.8848409474055378,0.37945942869190913,0.2632874721742096,0.27399240053804197,0.9065272618948653,0.6255645926609803,0.8765466690653269,0.7023014742841762,0.623293678977836,0.5991114753005499,0.5490072230693258,0.23959036147066662,0.3111432225184534
0.6835723438286112,0.2467706612195748,14.0,0.0,0.0,0.9,7211.0,1.0785463868019882,0.9576647123155216,0.8656387449837375,0.8981984066757229,0.8739829345800414,0.5283976404643939,0.551429742867941,0.7519183075714134,0.6627046817176069,0.6900985200465612,0.38054423531620024,0.5636786490105247,0.27483002779397847,0.12408008159923216,0.0,0.0,0.0,0.0,0.0,0.0,0.0,0.0,0.0,0.0,0.0,0.0
0.6835723438286112,0.2467706612195748,14.0,0.0,0.0,0.9,7211.0,0.8205264914163894,1.155709013854774,0.6938442145225272,0.9374738578583189,1.085164969306836,0.5022759884712349,0.4736842654017753,0.4735094536761945,0.2462156240549958,0.8532450392482581,0.6761900554897528,0.662598563331107,0.3785845131120261,0.09250906257955092,0.5374004559787082,0.5248159068832803,-7.280688538487634e-16,0.5929482894475345,0.29440580759253565,0.0,0.0,0.0,0.0,0.0,0.0,0.0
0.6835723438286112,0.2467706612195748,14.0,0.0,0.0,0.9,7211.0,1.5344004650623766,1.3559839783405043,1.5952413442010076,0.15810459585312234,1.2985627120574612,0.8067009089424455,1.2457852852600202,1.2204915846251037,1.2534841137918715,0.5686720556366874,0.5686720556366874,0.5686720556366874,0.0,0.0,0.0,0.0,0.0,0.0,0.0,0.0,0.0,0.0,0.0,0.0,0.0,0.0
0.6835723438286112,0.2467706612195748,14.0,0.0,0.0,0.9,7211.0,1.7720168626605737,1.1081951146944085,1.096243706191249,0.996722315774968,0.4107600297366436,0.4549712500350445,0.6635336194583932,0.0,0.0,0.0,0.0,0.0,0.0,0.0,0.0,0.0,0.0,0.0,0.0,0.0,0.0,0.0,0.0,0.0,0.0,0.0
0.6835723438286112,0.2467706612195748,14.0,0.0,0.0,0.9,7211.0,0.9295797333566264,0.9280541983346529,1.0088076440405003,1.4290061603879924,1.2055943795673874,0.7600029001371564,0.6356621764296478,0.6098623136908896,0.48048163472364536,0.47373644367458045,0.43578607391140567,0.38537097414527294,0.45768116332787967,0.24684765134602024,4.385506346268199,1.3708264565476205e-15,0.14558057210484648,0.13364915955053153,0.016762366019161326,0.2313003279391937,0.8451709204940494,0.8483692770484061,0.0,0.0,0.0,0.0
0.6835723438286112,0.2467706612195748,14.0,0.0,0.0,0.9,7211.0,1.1124914156760788,0.8961594101326069,0.7789105418667953,0.37950452023905457,0.6009439763550944,0.42681880830859026,0.47425469936157094,0.47425469936157094,0.0,0.0,0.0,0.0,0.0,0.0,0.0,0.0,0.0,0.0,0.0,0.0,0.0,0.0,0.0,0.0,0.0,0.0
0.6835723438286112,0.2467706612195748,14.0,0.0,0.0,0.9,7211.0,1.0039787278459096,0.8096269362129712,0.6237118045454346,0.36587895814744986,0.33199278552832673,0.33199278552832673,0.0,0.0,0.0,0.0,0.0,0.0,0.0,0.0,0.0,0.0,0.0,0.0,0.0,0.0,0.0,0.0,0.0,0.0,0.0,0.0
0.6835723438286112,0.2467706612195748,14.0,0.0,0.0,0.9,7211.0,1.2215538964432369,1.0205115193086174,0.8398160992090424,0.36455409306570713,0.31592327979487234,0.4027539216547505,0.41066192619574876,0.18946980220346854,0.18946980220346854,0.0,0.0,0.0,0.0,0.0,0.0,0.0,0.0,0.0,0.0,0.0,0.0,0.0,0.0,0.0,0.0,0.0
0.6835723438286112,0.2467706612195748,14.0,0.0,0.0,0.98,7211.0,1.5352957777582759,0.8860638295458498,0.4482020180060261,0.42549153280447705,0.41609162884786755,0.36984788342486374,0.1848646907755041,-7.489279534856944e-17,1.4347353682369297,0.8790486105123805,0.90209213840762,0.6166295792986607,0.6166295792986607,0.046180349434153764,0.36958559063572016,0.33875099299494393,0.2309204138502921,0.3694848987648647,0.0,0.0,0.0,0.0,0.0,0.0,0.0,0.0
0.6835723438286112,0.2467706612195748,14.0,0.0,0.0,0.98,7211.0,1.376499027553275,1.1001244294965853,0.760730177649822,0.9596558418058464,1.1834230844044897,0.9759293571675083,0.6767656934111379,0.3379704864370129,0.7747311062081665,0.4874390030411412,0.7019867004215558,0.5436436411262268,-9.06991472021661e-16,0.007518879604076337,0.007517655793772669,0.2424637313707104,0.24307987681715812,0.0,0.0,0.0,0.0,0.0,0.0,0.0,0.0,0.0
0.6835723438286112,0.2467706612195748,14.0,0.0,0.0,0.98,7211.0,1.0184111569983634,0.6212151784569265,0.7866218032235202,1.1873259074134916,0.462385103149114,0.480676847363934,0.25409900839556204,1.110032005737106,0.2771803710687973,0.0,0.0,0.0,0.0,0.0,0.0,0.0,0.0,0.0,0.0,0.0,0.0,0.0,0.0,0.0,0.0,0.0
0.6835723438286112,0.2467706612195748,14.0,0.0,0.0,0.98,7211.0,1.7197442186724374,1.0109326938392398,1.0166234688453943,1.0628154842597075,0.7854770857690249,0.6465063587092003,0.0,0.0,0.0,0.0,0.0,0.0,0.0,0.0,0.0,0.0,0.0,0.0,0.0,0.0,0.0,0.0,0.0,0.0,0.0,0.0
0.6835723438286112,0.2467706612195748,14.0,0.0,0.0,0.98,7211.0,0.6408960813687763,0.485588594338207,0.3697535427687786,0.2218207573655929,1.1860642741940814,0.1478478983819756,0.16631432609234562,0.6469332698291771,0.0,0.0,0.0,0.0,0.0,0.0,0.0,0.0,0.0,0.0,0.0,0.0,0.0,0.0,0.0,0.0,0.0,0.0
0.6835723438286112,0.2467706612195748,14.0,0.0,0.0,0.98,7211.0,0.7467156316760853,0.7227898067463892,0.5672572756931585,0.8508609409551375,0.7956069945487083,0.061594292430463486,0.12318858486092736,0.27719471591040185,0.0,0.0,0.0,0.0,0.0,0.0,0.0,0.0,0.0,0.0,0.0,0.0,0.0,0.0,0.0,0.0,0.0,0.0
0.6835723438286112,0.2467706612195748,14.0,0.0,0.0,0.98,7211.0,1.3633982972322578,0.9570148251279343,0.6969345641767399,0.8970954862632115,0.4391315580775713,0.4852803175715601,0.3234793914295323,0.0,0.0,0.0,0.0,0.0,0.0,0.0,0.0,0.0,0.0,0.0,0.0,0.0,0.0,0.0,0.0,0.0,0.0,0.0
0.6835723438286112,0.2467706612195748,14.0,0.0,0.0,0.98,7211.0,1.979396786576627,1.4395007119672878,1.5020841605332855,0.5244318591390834,0.09183500031304655,0.5649007717510662,0.622862698312874,0.7855833988965859,0.16602908635600164,8.367109951770606e-16,8.238630852821828e-16,8.115442632681511e-16,0.3253747867145431,0.2168711604337817,0.44832488098870177,0.16344051588844521,0.0,0.0,0.0,0.0,0.0,0.0,0.0,0.0,0.0,0.0
0.6835723438286112,0.2467706612195748,14.0,0.0,0.0,0.98,7211.0,1.621667815595638,1.0133763314190383,0.5214512505330151,0.499614248888537,0.18481757410504376,0.1385995040114924,0.19505055403943358,0.600663431898458,0.831758469315085,0.18477274747194106,0.18477274747194106,0.23094092924870402,0.2771352343754698,0.0,0.0,0.0,0.0,0.0,0.0,0.0,0.0,0.0,0.0,0.0,0.0,0.0
0.6835723438286112,0.2467706612195748,14.0,0.0,0.0,0.98,7211.0,1.2758373898168938,1.1461064641026864,0.6078726625711537,0.2311094587833765,0.5546933221756184,0.5546933221756184,0.0,0.0,0.0,0.0,0.0,0.0,0.0,0.0,0.0,0.0,0.0,0.0,0.0,0.0,0.0,0.0,0.0,0.0,0.0,0.0
0.6835723438286112,0.2467706612195748,14.0,0.0,0.0,0.91,7211.0,1.9624678560845665,1.277905007045867,0.9102248348538134,0.5833575939063874,0.8920294487743016,0.37801996858481357,0.0,0.0,0.0,0.0,0.0,0.0,0.0,0.0,0.0,0.0,0.0,0.0,0.0,0.0,0.0,0.0,0.0,0.0,0.0,0.0
0.6835723438286112,0.2467706612195748,14.0,0.0,0.0,0.91,7211.0,1.2993841628562213,0.6847333162421805,0.6760814226233025,0.6909792643793359,0.39028180910101584,0.03151061281697432,0.09453703383387264,1.2798421656855175,1.5347308317620953,1.367315300639981,0.5328760931552465,0.4522619245895223,0.7378844561207537,0.7269195578085521,0.5278588260658491,0.5674486482213021,0.3067349243004167,0.6068763961039112,0.2486460740908498,0.6600376608716694,0.3296115339046655,0.2475864901944041,0.496451706501084,0.49779544250649904,0.0,0.0
0.6835723438286112,0.2467706612195748,14.0,0.0,0.0,0.91,7211.0,0.7975614391074346,0.6622368767725326,0.5770319250726365,0.6147979455922014,0.6621068922192815,0.0,0.0,0.0,0.0,0.0,0.0,0.0,0.0,0.0,0.0,0.0,0.0,0.0,0.0,0.0,0.0,0.0,0.0,0.0,0.0,0.0
0.6835723438286112,0.2467706612195748,14.0,0.0,0.0,0.91,7211.0,1.5359982881278744,0.8835251555645309,0.8686403865100435,0.4538339292775122,0.3494166550779733,0.3315150396556277,0.5111648992378008,0.44407123025048245,0.3323177217035186,0.2060105314781432,-2.0405512491495292e-15,0.3280737038198614,0.32875818248963706,0.0,0.0,0.0,0.0,0.0,0.0,0.0,0.0,0.0,0.0,0.0,0.0,0.0
0.6835723438286112,0.2467706612195748,14.0,0.0,0.0,0.91,7211.0,1.935339005572699,1.0835861570784322,0.6489451310909703,0.6387745792710203,0.7378490512341862,0.409514433546023,0.4252737840124789,0.4252737840124789,0.0,0.0,0.0,0.0,0.0,0.0,0.0,0.0,0.0,0.0,0.0,0.0,0.0,0.0,0.0,0.0,0.0,0.0
0.6835723438286112,0.2467706612195748,14.0,0.0,0.0,0.91,7211.0,1.3667065938782004,0.8514521293630748,1.1581622618820362,0.5665142666114253,0.6244232617932994,0.5032528601433177,1.1740678268201181,0.6179977348183306,0.46512274297046635,0.5705670630191321,0.5293318418706582,0.6126111850143066,0.45074032110136864,0.5369551920492766,0.6084516927154935,0.48495364254784223,0.49650175755566794,0.4919875984971272,0.0,0.0,0.0,0.0,0.0,0.0,0.0,0.0
0.6835723438286112,0.2467706612195748,14.0,0.0,0.0,0.91,7211.0,0.9805317757021049,1.0488615466967457,0.7749095032390251,0.6846676501892066,0.28354286086990943,0.8387785242269648,0.44106241165106247,0.28338916112906426,0.42510710960522397,0.4723527737065672,0.0,0.0,0.0,0.0,0.0,0.0,0.0,0.0,0.0,0.0,0.0,0.0,0.0,0.0,0.0,0.0
0.6835723438286112,0.2467706612195748,14.0,0.0,0.0,0.91,7211.0,1.007340024299298,0.7419902564466216,0.6623055092140547,0.8099887108654438,0.6462463232793615,0.4918122856470041,0.6828292945255583,0.3620913265693961,0.12592724299269717,0.6141991022854262,0.7086341536823487,0.1888701027939074,0.0,0.0,0.0,0.0,0.0,0.0,0.0,0.0,0.0,0.0,0.0,0.0,0.0,0.0
0.6835723438286112,0.2467706612195748,14.0,0.0,0.0,0.91,7211.0,1.5231595362545447,1.3201069243125758,1.0642147011995475,0.24574683677109763,0.458760774801212,0.9117671159960475,0.8849140904228415,0.8146436084654555,0.7395471266574615,0.283258893813655,0.23963018566564892,0.3556477310186949,0.28372185072032213,0.5194914878903027,0.0,0.0,0.0,0.0,0.0,0.0,0.0,0.0,0.0,0.0,0.0,0.0
0.6835723438286112,0.2467706612195748,14.0,0.0,0.0,0.91,7211.0,0.7708521114696465,0.5673698210464729,0.6148991424919428,0.7621218723225325,0.6812106180907845,0.5670757199403939,0.6379492814760932,0.6379492814760932,0.18889079940310224,0.0,0.0,0.0,0.0,0.0,0.0,0.0,0.0,0.0,0.0,0.0,0.0,0.0,0.0,0.0,0.0,0.0
0.6835723438286112,0.2467706612195748,14.0,0.0,0.0,0.9,7211.0,1.5401322966508537,1.1522809516564896,0.5691402873247274,0.2212185107181035,0.2528211553922782,0.0,0.0,0.0,0.0,0.0,0.0,0.0,0.0,0.0,0.0,0.0,0.0,0.0,0.0,0.0,0.0,0.0,0.0,0.0,0.0,0.0
0.6835723438286112,0.2467706612195748,14.0,0.0,0.0,0.9,7211.0,0.7528079443282312,0.552796038843808,0.41530452786118105,0.3481007983263269,0.0948896573707339,0.1897793147414678,0.1897793147414678,0.0,0.0,0.0,0.0,0.0,0.0,0.0,0.0,0.0,0.0,0.0,0.0,0.0,0.0,0.0,0.0,0.0,0.0,0.0
0.6835723438286112,0.2467706612195748,14.0,0.0,0.0,0.9,7211.0,1.1538376018140857,0.89668465762382,0.39319777277070334,0.27519958066985223,0.2609326186352089,0.09485938220726992,0.3794792150784047,0.47436032351212315,0.09484228404612106,0.33198706659932453,0.47428956510638337,0.47428956510638337,0.0,0.0,0.0,0.0,0.0,0.0,0.0,0.0,0.0,0.0,0.0,0.0,0.0,0.0
0.6835723438286112,0.2467706612195748,14.0,0.0,0.0,0.9,7211.0,1.0044277293535928,0.8211304488746493,0.9323609432438545,0.45293611123844446,0.9317618598018836,0.20304804855073108,0.3600210482133562,0.3789551647658319,0.1894276958184891,0.28415195105249663,0.0,0.0,0.0,0.0,0.0,0.0,0.0,0.0,0.0,0.0,0.0,0.0,0.0,0.0,0.0,0.0
0.6835723438286112,0.2467706612195748,14.0,0.0,0.0,0.9,7211.0,1.963075907601168,0.9288833569106221,0.5913722800639011,0.7064476713694394,0.8484666023404641,0.8266535225349922,1.0592574964202153,0.6681181058198384,0.6877727914040244,0.6747037183172835,0.30520804941506935,0.3494941541463151,0.13781580326690204,0.7708753206801475,1.7396534962286203,1.303228135641086,1.416807569137079,0.7495867477961776,1.4364462966195968,1.2557932502655664,0.403232555755432,0.43901298473770156,0.8807991731302295,0.4232591616019772,0.16974709528199397,0.6821525572194275
0.6835723438286112,0.2467706612195748,14.0,0.0,0.0,0.9,7211.0,2.62344813241132,1.392099123762357,0.6544726215383053,0.7415900111918071,1.185777829230085,1.1217690872872328,0.30167999689454283,0.31542472406579597,0.7920847258851778,0.4932550189650899,0.7829437968641094,0.8688036972915485,0.8338173282381887,1.269970719366398,0.6856223682475098,0.660746391596327,0.7891696127831789,0.2860960228088898,0.739762127791199,0.7377362374585584,0.18119526574456846,0.0419299443413113,0.30868866168496617,0.4228878262030253,0.42432421146314253,0.08509322076347692
0.6835723438286112,0.2467706612195748,14.0,0.0,0.0,0.9,7211.0,1.534209355251105,1.1795772318427744,0.8018684257525843,0.3915091749202425,0.8651855032384902,0.46209688079880556,1.1229207067929283,0.735211356933578,1.518620440450281,0.8346784131522195,0.2385085037098167,0.36322260774089016,0.4069751738196709,0.0,0.0,0.0,0.0,0.0,0.0,0.0,0.0,0.0,0.0,0.0,0.0,0.0
0.6835723438286112,0.2467706612195748,14.0,0.0,0.0,0.9,7211.0,1.479580669499876,0.8638646594180682,0.6274923603124889,0.387149539315691,0.6404191490756571,0.33873702445775244,0.5234540638555458,0.5290178608276264,0.3872397872855038,0.4665591675976116,0.33557083374881175,4.52090163891195e-16,0.914268734447101,0.9138145001196117,0.0,0.0,0.0,0.0,0.0,0.0,0.0,0.0,0.0,0.0,0.0,0.0
0.6835723438286112,0.2467706612195748,14.0,0.0,0.0,0.9,7211.0,0.9770062855220459,0.8488410124967808,0.6092500373090883,0.9735740088812044,0.47416311715287324,0.347670709298991,0.3634687155841267,0.04739306494667135,0.1895826723602366,0.0,0.0,0.0,0.0,0.0,0.0,0.0,0.0,0.0,0.0,0.0,0.0,0.0,0.0,0.0,0.0,0.0
0.6835723438286112,0.2467706612195748,14.0,0.0,0.0,0.9,7211.0,1.48700351240164,1.3527691338239949,0.8785121035000505,0.23334220102829348,0.3697756012791201,0.32655055232958197,0.8086107578738795,0.5505558269849525,0.4520943657827093,1.2529556235735955,1.0083028178848594,0.6995015844250221,1.0272903184730553,0.8796599763592083,0.7415258475146763,-3.105006972049227e-16,0.8705454914889377,0.9417338687064445,0.9046265896862246,0.5363137771730268,0.2952474944836507,0.12695023955730794,0.6795897766433493,0.0,0.0,0.0
0.6835723438286112,0.2467706612195748,14.0,0.0,0.0,0.88,7211.0,1.3941347013588778,1.1597443834228465,0.692661845755789,0.36982246314133216,0.7881056144863887,0.9761835209170139,0.6362074829584687,0.4579076909028307,0.3815707493184954,0.19069900890493183,0.07148644131533295,1.0180119389115314,1.7177216517955962,0.8823241196783198,0.6839284225137408,0.0952469672674975,0.39064884832904456,0.6691956466440432,0.1741656230111949,0.42909881385610193,0.0,0.0,0.0,0.0,0.0,0.0
0.6835723438286112,0.2467706612195748,14.0,0.0,0.0,0.88,7211.0,1.401488516354401,1.2885168883263387,1.0805611846313516,0.11940014051954176,0.40598132729011505,0.4776491363507184,0.0,0.0,0.0,0.0,0.0,0.0,0.0,0.0,0.0,0.0,0.0,0.0,0.0,0.0,0.0,0.0,0.0,0.0,0.0,0.0
0.6835723438286112,0.2467706612195748,14.0,0.0,0.0,0.88,7211.0,1.5239113199968686,1.4725427535948907,0.8704201814341264,0.8806139134498562,0.6863267816875589,0.6622009140661325,0.294139429032458,0.2251913605674143,0.5062956010711537,0.2920142547260722,0.31136190842093386,0.31169989507319945,0.1663131038148194,0.0,0.0,0.0,0.0,0.0,0.0,0.0,0.0,0.0,0.0,0.0,0.0,0.0
0.6835723438286112,0.2467706612195748,14.0,0.0,0.0,0.88,7211.0,1.8195900079637255,0.8900122739581512,0.8423376039585911,0.34760089905016156,0.3440596115034858,0.39592733981930567,0.11466955009424078,0.19109844438165746,0.23888179045638971,0.6689424078665442,0.0,0.0,0.0,0.0,0.0,0.0,0.0,0.0,0.0,0.0,0.0,0.0,0.0,0.0,0.0,0.0
0.6835723438286112,0.2467706612195748,14.0,0.0,0.0,0.88,7211.0,1.373525425558648,0.7649294615157781,1.3214265259039402,0.9551656632430249,0.8986121721495332,0.8136375315815143,0.6621487323465088,0.281833250935947,0.45899523499063016,0.4552512303801018,0.9188097310694362,0.7013253841019557,0.3506883143428472,0.08275347381523088,0.0,0.0,0.0,0.0,0.0,0.0,0.0,0.0,0.0,0.0,0.0,0.0
0.6835723438286112,0.2467706612195748,14.0,0.0,0.0,0.88,7211.0,1.1205710165827325,0.9374029746147938,0.4034429917127415,0.668946574661453,0.541543886587487,0.09548448782805552,0.6304313336049128,0.5969346851284628,0.3183291368817562,0.5411019054773945,0.9549874106452685,0.0,0.0,0.0,0.0,0.0,0.0,0.0,0.0,0.0,0.0,0.0,0.0,0.0,0.0,0.0
0.6835723438286112,0.2467706612195748,14.0,0.0,0.0,0.88,7211.0,0.888103146821571,0.6405024147183175,0.4506670302175904,0.3346105313293717,0.6452960909781564,0.4460746413006604,0.0,0.0,0.0,0.0,0.0,0.0,0.0,0.0,0.0,0.0,0.0,0.0,0.0,0.0,0.0,0.0,0.0,0.0,0.0,0.0
0.6835723438286112,0.2467706612195748,14.0,0.0,0.0,0.88,7211.0,1.3600896202414006,0.5353786172817043,0.6690912234391077,0.5048680206085632,0.04772816177273229,1.1943946774726077,1.2898203359008038,1.0178876040546623,1.2859316318926775,1.1609834144270212,0.0,0.0,0.0,0.0,0.0,0.0,0.0,0.0,0.0,0.0,0.0,0.0,0.0,0.0,0.0,0.0
0.6835723438286112,0.2467706612195748,14.0,0.0,0.0,0.88,7211.0,1.6955819265468863,1.2324397749527838,0.5859997760446869,0.7515785417721091,0.3520032662449531,0.9347033182656982,0.9668715385299216,0.745173711666882,0.4089709875911434,0.18950338416162948,0.21443237323761263,0.3392054216985027,0.0,0.0,0.0,0.0,0.0,0.0,0.0,0.0,0.0,0.0,0.0,0.0,0.0,0.0
0.6835723438286112,0.2467706612195748,14.0,0.0,0.0,0.88,7211.0,0.9832826946140042,1.0074721846229135,0.5063293947182527,0.3104612220119132,0.07160194835021162,0.2625928661246577,1.051577653850923,0.8840830983823044,0.5729322498359192,0.5729549625854164,0.5727604903496425,0.334098834944555,0.47726927689129683,0.429490809499461,0.3340219806176774,1.3366012615093192,0.6682538415565584,0.28625162308371926,0.6202301747165214,0.6621391763229226,0.0,0.0,0.0,0.0,0.0,0.0
0.6835723438286112,0.2467706612195748,14.0,0.0,0.0,0.92,7211.0,1.0983769654634838,0.6544365494623536,0.27685045849746887,0.21988487022700268,0.07065426140176878,0.6603483135505371,0.9093248022233112,0.6417888651204641,0.5042668956089055,0.4348814091552746,1.2306021865606118,1.0009775300207575,0.1700533469525582,0.08346317508403751,0.827489717021782,0.8237535385628657,0.16448774590841408,0.16473960296471227,0.1651168450214778,0.0,0.0,0.0,0.0,0.0,0.0,0.0
0.6835723438286112,0.2467706612195748,14.0,0.0,0.0,0.92,7211.0,0.8017522617911228,0.7399782855795005,0.5447568207653595,0.31422986041133805,0.4242217165694486,0.18850266201646873,2.929044260512297,1.496079641342585,0.5558905958178049,0.25513659437094577,1.5879385546187983,0.7245019495590889,1.0018442456738266,0.5442868503527301,0.5436875451310396,0.542802759475892,0.4131304912149528,0.4235151315576964,0.40839913529282074,0.4490613206783012,0.24529989428773763,0.0,0.0,0.0,0.0,0.0
0.6835723438286112,0.2467706612195748,14.0,0.0,0.0,0.92,7211.0,1.2470264990294917,0.7498029285992742,0.8129795303186278,0.7081997668760209,0.20415464919258433,0.23556407878119665,0.3769242959164286,0.32978226050812637,0.0,0.0,0.0,0.0,0.0,0.0,0.0,0.0,0.0,0.0,0.0,0.0,0.0,0.0,0.0,0.0,0.0,0.0
0.6835723438286112,0.2467706612195748,14.0,0.0,0.0,0.92,7211.0,1.1321502507285424,1.0892159017758223,0.848657274091583,0.8205879574738004,0.9210138920558152,1.0400650482186682,0.8149726995920485,0.5008259884185458,0.14059552700952443,0.16673558845825917,-9.681186974870259e-17,-8.789008701811437e-17,0.20651184888293558,0.41292386568925515,0.41400638537779955,0.0,0.0,0.0,0.0,0.0,0.0,0.0,0.0,0.0,0.0,0.0
0.6835723438286112,0.2467706612195748,14.0,0.0,0.0,0.92,7211.0,1.3681784949029452,0.8753326626018579,0.7986752557421998,0.9933092148995005,0.921648262948398,0.6612238119899588,0.5261058337735104,0.6030356234187567,0.38066128584929065,0.4930839734994953,0.7652340530621562,-2.881686105362025e-16,0.741299762684708,0.2471798271905907,0.24750582903509863,0.24812218772979125,0.0,0.0,0.0,0.0,0.0,0.0,0.0,0.0,0.0,0.0
0.6835723438286112,0.2467706612195748,14.0,0.0,0.0,0.92,7211.0,2.4692026540717573,1.034184111570563,0.8557381394825034,0.5714355648569825,0.6302171136876241,0.3669493117337563,0.576537641105177,0.22199938738738126,0.5933641970124152,0.0,0.0,0.0,0.0,0.0,0.0,0.0,0.0,0.0,0.0,0.0,0.0,0.0,0.0,0.0,0.0,0.0
0.6835723438286112,0.2467706612195748,14.0,0.0,0.0,0.92,7211.0,0.9847201568519359,0.6558539847330395,0.6533973010548212,0.5397300174962409,0.7103688001456676,0.21734187875887465,0.2440988432443511,0.2127281050760689,0.13976417020896015,0.12483163117118805,0.08283755911310743,0.0,0.0,0.0,0.0,0.0,0.0,0.0,0.0,0.0,0.0,0.0,0.0,0.0,0.0,0.0
0.6835723438286112,0.2467706612195748,14.0,0.0,0.0,0.92,7211.0,1.173711975039032,0.9148305959301023,0.6985331096990753,0.7258411140397422,0.7499454205732382,0.41372964530612605,0.40413189005138966,0.5097490050371914,0.27955203789590677,0.16605420653979902,-1.6198411916990507e-15,-1.6052449512071196e-15,-1.6016810067283976e-15,0.24869051586394866,0.24941141497988736,0.0,0.0,0.0,0.0,0.0,0.0,0.0,0.0,0.0,0.0,0.0
0.6835723438286112,0.2467706612195748,14.0,0.0,0.0,0.92,7211.0,1.5579560182786527,1.0774745424217427,0.7544648989830801,0.7310853619301088,0.09421513049158245,0.0,0.0,0.0,0.0,0.0,0.0,0.0,0.0,0.0,0.0,0.0,0.0,0.0,0.0,0.0,0.0,0.0,0.0,0.0,0.0,0.0
0.6835723438286112,0.2467706612195748,14.0,0.0,0.0,0.92,7211.0,0.7142486859684337,0.5213980560025558,0.5046167425444549,0.5187083106245545,0.2639200954459271,0.5090004551780731,0.7539918828769628,0.31393011622428624,0.2825115720722885,0.5491386939614189,0.0,0.0,0.0,0.0,0.0,0.0,0.0,0.0,0.0,0.0,0.0,0.0,0.0,0.0,0.0,0.0
0.6835723438286112,0.2467706612195748,14.0,0.0,0.0,0.92,7211.0,0.9299246375953331,0.6661982220358937,0.689020551080348,0.7539824714382266,0.5872716804025369,0.6798384997251883,0.6254135200588972,0.31360345437216575,1.1174151987386538,1.413893367717152,2.2622309523715174,-1.3736854561757795e-15,-1.3736854561757795e-15,-1.3736854561757795e-15,0.09403499688558968,0.09403499688558968,0.0,0.0,0.0,0.0,0.0,0.0,0.0,0.0,0.0,0.0
0.6835723438286112,0.2467706612195748,14.0,0.0,0.0,0.92,7211.0,1.5716165710338144,1.0272992813546276,0.4810493283929108,0.7282293043435636,0.7362989323239455,0.8225663676444067,0.7741212861662352,1.683685164460468,0.7575479045081518,0.16484385140879906,0.16436624152131227,0.08214413072074823,0.0,0.0,0.0,0.0,0.0,0.0,0.0,0.0,0.0,0.0,0.0,0.0,0.0,0.0
0.6835723438286112,0.2467706612195748,14.0,0.0,0.0,0.92,7211.0,1.0310577510353647,0.7592699532283367,0.8879620324082791,0.8486940926171463,0.6596460971575241,0.6030930644807396,0.37673966963489297,0.0,0.0,0.0,0.0,0.0,0.0,0.0,0.0,0.0,0.0,0.0,0.0,0.0,0.0,0.0,0.0,0.0,0.0,0.0
0.6835723438286112,0.2467706612195748,14.0,0.0,0.0,0.92,7211.0,1.0519227748732822,0.8766025707946851,0.8311304985779249,0.2199645508954975,0.3063802597034224,0.2828042135500638,0.1885159029874429,0.09424274667803241,0.3298945349157398,0.47130012154985373,0.47130012154985373,0.0,0.0,0.0,0.0,0.0,0.0,0.0,0.0,0.0,0.0,0.0,0.0,0.0,0.0,0.0
0.6835723438286112,0.2467706612195748,14.0,0.0,0.0,0.92,7211.0,2.2004480428441355,1.308777178499369,0.84523833624553,0.8394037652094936,0.6147041672207917,0.540383489883835,0.2343776838785975,0.207369532931757,0.39644295173661764,0.2484459929700039,2.134355798367466e-15,0.16484135401781316,0.0,0.0,0.0,0.0,0.0,0.0,0.0,0.0,0.0,0.0,0.0,0.0,0.0,0.0
0.6835723438286112,0.2467706612195748,14.0,0.0,0.0,0.92,7211.0,1.2135115078592504,0.9546542045026934,0.5406820788937573,0.24345354622653984,0.2962102517916877,0.2513093054497453,1.4538051258555067,1.1015147793020532,0.15861209116806932,0.19186725611644967,0.29898582099447724,0.22230037907098402,0.7817033933198979,0.5862575370391849,0.6938623200536158,0.30408036950601663,0.08281755219909503,0.04142135818007962,4.751679783797135,0.6809925544930915,0.27467244426535037,0.18446392969151448,0.0,0.0,0.0,0.0
0.6835723438286112,0.2467706612195748,14.0,0.0,0.0,0.92,7211.0,1.6326779622753205,1.0629674120591548,0.7411519191364301,0.4534559866729033,0.32537937516284915,0.4171467331382363,0.5178959828640025,0.5649923638486533,0.5649923638486533,0.3766040286967493,0.3766040286967493,0.0,0.0,0.0,0.0,0.0,0.0,0.0,0.0,0.0,0.0,0.0,0.0,0.0,0.0,0.0
0.6835723438286112,0.2467706612195748,14.0,0.0,0.0,0.92,7211.0,0.8558738714620204,0.5593245544928277,0.6819465601631549,0.6134873724779577,1.0613047841030205,0.7210749465624378,0.8646924996394925,0.9016106635802199,0.4449184655013868,0.7048860898612548,0.5523673168124482,0.0,0.0,0.0,0.0,0.0,0.0,0.0,0.0,0.0,0.0,0.0,0.0,0.0,0.0,0.0
0.6835723438286112,0.2467706612195748,14.0,0.0,0.0,0.92,7211.0,1.0242896833061221,0.691057275392159,0.5872124862632918,0.6088276530716789,1.001233588852818,0.4034117047284423,0.403406136230238,0.06272323655726005,0.047042427417945135,-1.1067808613985274e-15,-1.1067808613985274e-15,0.0,0.0,0.0,0.0,0.0,0.0,0.0,0.0,0.0,0.0,0.0,0.0,0.0,0.0,0.0
0.6835723438286112,0.2467706612195748,14.0,0.0,0.0,0.92,7211.0,1.159048630297036,0.8614344371064209,0.6454129977117344,0.5483190237134674,0.3957466793893528,0.2826406631426446,0.2826406631426446,0.0,0.0,0.0,0.0,0.0,0.0,0.0,0.0,0.0,0.0,0.0,0.0,0.0,0.0,0.0,0.0,0.0,0.0,0.0
