inf_prob,diag_prob,i0,vaccine_efficacy1,vaccine_efficacy2,infection_efficacy,first_outbreak_size,0,1,2,3,4,5,6,7,8,9,10,11,12,13,14,15,16,17,18,19,20,21,22,23,24,25
0.7004314891872491,0.2497568652368329,15.0,0.0,0.0,0.94,7461.0,0.0,2.0,2.0,2.0,1.0,0.0,0.0,0.0,0.0,0.0,0.0,0.0,0.0,0.0,0.0,0.0,0.0,0.0,0.0,0.0,0.0,0.0,0.0,0.0,0.0,0.0
0.7004314891872491,0.2497568652368329,15.0,0.0,0.0,0.94,7461.0,0.0,1.0,4.0,3.0,2.0,1.0,3.0,4.0,4.0,1.0,2.0,1.0,0.0,0.0,0.0,0.0,0.0,0.0,0.0,0.0,0.0,0.0,0.0,0.0,0.0,0.0
0.7004314891872491,0.2497568652368329,15.0,0.0,0.0,0.94,7461.0,0.0,1.0,2.0,3.0,2.0,1.0,1.0,0.0,1.0,2.0,4.0,1.0,0.0,0.0,0.0,0.0,0.0,0.0,0.0,0.0,0.0,0.0,0.0,0.0,0.0,0.0
0.7004314891872491,0.2497568652368329,15.0,0.0,0.0,0.94,7461.0,0.0,3.0,2.0,0.0,1.0,0.0,0.0,0.0,0.0,0.0,0.0,0.0,0.0,0.0,0.0,0.0,0.0,0.0,0.0,0.0,0.0,0.0,0.0,0.0,0.0,0.0
0.7004314891872491,0.2497568652368329,15.0,0.0,0.0,0.94,7461.0,0.0,3.0,1.0,2.0,1.0,0.0,3.0,1.0,2.0,1.0,0.0,0.0,1.0,2.0,0.0,2.0,1.0,0.0,2.0,2.0,0.0,1.0,2.0,1.0,0.0,0.0
0.7004314891872491,0.2497568652368329,15.0,0.0,0.0,0.94,7461.0,0.0,3.0,2.0,1.0,1.0,0.0,0.0,0.0,0.0,0.0,0.0,0.0,0.0,0.0,0.0,0.0,0.0,0.0,0.0,0.0,0.0,0.0,0.0,0.0,0.0,0.0
0.7004314891872491,0.2497568652368329,15.0,0.0,0.0,0.94,7461.0,0.0,4.0,0.0,0.0,0.0,1.0,0.0,1.0,0.0,1.0,0.0,0.0,1.0,0.0,0.0,0.0,0.0,0.0,0.0,0.0,0.0,0.0,0.0,0.0,0.0,0.0
0.7004314891872491,0.2497568652368329,15.0,0.0,0.0,0.94,7461.0,0.0,2.0,0.0,5.0,2.0,0.0,1.0,2.0,1.0,0.0,3.0,2.0,0.0,0.0,0.0,0.0,0.0,0.0,0.0,0.0,0.0,0.0,0.0,0.0,0.0,0.0
0.7004314891872491,0.2497568652368329,15.0,0.0,0.0,0.94,7461.0,0.0,2.0,4.0,1.0,0.0,0.0,4.0,4.0,5.0,1.0,2.0,1.0,0.0,0.0,1.0,0.0,0.0,0.0,0.0,0.0,0.0,0.0,0.0,0.0,0.0,0.0
0.7004314891872491,0.2497568652368329,15.0,0.0,0.0,0.94,7461.0,0.0,2.0,4.0,2.0,0.0,0.0,0.0,1.0,0.0,0.0,0.0,0.0,0.0,0.0,0.0,0.0,0.0,0.0,0.0,0.0,0.0,0.0,0.0,0.0,0.0,0.0
0.7004314891872491,0.2497568652368329,15.0,0.0,0.0,0.86,7461.0,0.0,5.0,1.0,0.0,0.0,0.0,0.0,0.0,0.0,0.0,0.0,0.0,0.0,0.0,0.0,0.0,0.0,0.0,0.0,0.0,0.0,1.0,0.0,0.0,0.0,1.0
0.7004314891872491,0.2497568652368329,15.0,0.0,0.0,0.86,7461.0,0.0,1.0,1.0,0.0,0.0,1.0,2.0,2.0,1.0,1.0,5.0,1.0,2.0,4.0,1.0,1.0,2.0,1.0,1.0,0.0,3.0,1.0,2.0,0.0,0.0,0.0
0.7004314891872491,0.2497568652368329,15.0,0.0,0.0,0.86,7461.0,0.0,3.0,0.0,3.0,3.0,1.0,1.0,1.0,1.0,0.0,0.0,0.0,0.0,0.0,0.0,0.0,0.0,0.0,0.0,0.0,0.0,0.0,0.0,0.0,0.0,0.0
0.7004314891872491,0.2497568652368329,15.0,0.0,0.0,0.86,7461.0,0.0,1.0,5.0,5.0,2.0,2.0,3.0,2.0,3.0,4.0,5.0,3.0,1.0,2.0,2.0,2.0,1.0,0.0,2.0,1.0,1.0,0.0,0.0,0.0,0.0,1.0
0.7004314891872491,0.2497568652368329,15.0,0.0,0.0,0.86,7461.0,0.0,3.0,3.0,0.0,1.0,0.0,0.0,0.0,0.0,0.0,0.0,0.0,0.0,0.0,0.0,0.0,0.0,0.0,0.0,0.0,0.0,0.0,0.0,0.0,0.0,0.0
0.7004314891872491,0.2497568652368329,15.0,0.0,0.0,0.86,7461.0,0.0,2.0,1.0,0.0,0.0,2.0,2.0,1.0,0.0,1.0,0.0,0.0,0.0,0.0,1.0,2.0,1.0,0.0,1.0,0.0,0.0,0.0,0.0,0.0,0.0,0.0
0.7004314891872491,0.2497568652368329,15.0,0.0,0.0,0.86,7461.0,0.0,7.0,2.0,0.0,2.0,0.0,0.0,0.0,0.0,1.0,0.0,0.0,0.0,0.0,0.0,1.0,0.0,0.0,0.0,0.0,0.0,0.0,1.0,1.0,0.0,0.0
0.7004314891872491,0.2497568652368329,15.0,0.0,0.0,0.86,7461.0,0.0,0.0,3.0,1.0,2.0,2.0,1.0,0.0,2.0,1.0,2.0,1.0,2.0,0.0,0.0,0.0,1.0,0.0,0.0,0.0,0.0,0.0,0.0,0.0,0.0,0.0
0.7004314891872491,0.2497568652368329,15.0,0.0,0.0,0.86,7461.0,0.0,1.0,1.0,2.0,2.0,1.0,3.0,2.0,1.0,1.0,0.0,2.0,0.0,0.0,1.0,1.0,0.0,0.0,0.0,0.0,0.0,0.0,0.0,0.0,0.0,0.0
0.7004314891872491,0.2497568652368329,15.0,0.0,0.0,0.86,7461.0,0.0,3.0,3.0,4.0,1.0,1.0,2.0,0.0,0.0,0.0,0.0,0.0,1.0,0.0,0.0,0.0,0.0,0.0,0.0,0.0,0.0,0.0,0.0,0.0,0.0,0.0
0.7004314891872491,0.2497568652368329,15.0,0.0,0.0,0.87,7461.0,0.0,2.0,0.0,1.0,3.0,1.0,0.0,0.0,2.0,0.0,0.0,2.0,2.0,0.0,0.0,1.0,1.0,0.0,1.0,0.0,1.0,0.0,0.0,0.0,0.0,0.0
0.7004314891872491,0.2497568652368329,15.0,0.0,0.0,0.87,7461.0,0.0,1.0,5.0,0.0,0.0,0.0,0.0,0.0,0.0,0.0,0.0,0.0,0.0,0.0,0.0,0.0,0.0,0.0,0.0,0.0,0.0,0.0,0.0,0.0,0.0,0.0
0.7004314891872491,0.2497568652368329,15.0,0.0,0.0,0.87,7461.0,0.0,2.0,1.0,0.0,3.0,4.0,0.0,0.0,0.0,2.0,1.0,2.0,0.0,1.0,0.0,0.0,0.0,0.0,0.0,0.0,0.0,0.0,0.0,0.0,0.0,0.0
0.7004314891872491,0.2497568652368329,15.0,0.0,0.0,0.87,7461.0,0.0,0.0,2.0,3.0,4.0,3.0,5.0,0.0,1.0,1.0,0.0,1.0,1.0,0.0,0.0,1.0,1.0,0.0,0.0,0.0,0.0,4.0,0.0,1.0,0.0,4.0
0.7004314891872491,0.2497568652368329,15.0,0.0,0.0,0.87,7461.0,0.0,3.0,1.0,2.0,0.0,1.0,2.0,2.0,0.0,2.0,2.0,0.0,0.0,0.0,1.0,0.0,0.0,0.0,0.0,0.0,0.0,0.0,0.0,0.0,0.0,0.0
0.7004314891872491,0.2497568652368329,15.0,0.0,0.0,0.87,7461.0,0.0,3.0,0.0,1.0,1.0,0.0,0.0,1.0,0.0,1.0,0.0,1.0,0.0,1.0,0.0,2.0,1.0,2.0,1.0,0.0,0.0,0.0,0.0,0.0,0.0,0.0
0.7004314891872491,0.2497568652368329,15.0,0.0,0.0,0.87,7461.0,0.0,2.0,2.0,2.0,1.0,0.0,1.0,0.0,0.0,2.0,0.0,1.0,2.0,0.0,0.0,0.0,1.0,0.0,0.0,0.0,1.0,0.0,1.0,0.0,0.0,0.0
0.7004314891872491,0.2497568652368329,15.0,0.0,0.0,0.87,7461.0,0.0,7.0,1.0,1.0,1.0,0.0,3.0,2.0,0.0,0.0,1.0,0.0,0.0,0.0,0.0,0.0,0.0,0.0,0.0,0.0,0.0,0.0,0.0,0.0,0.0,0.0
0.7004314891872491,0.2497568652368329,15.0,0.0,0.0,0.87,7461.0,0.0,2.0,2.0,1.0,0.0,0.0,0.0,0.0,0.0,0.0,0.0,0.0,0.0,0.0,0.0,0.0,0.0,0.0,0.0,0.0,0.0,0.0,0.0,0.0,0.0,0.0
0.7004314891872491,0.2497568652368329,15.0,0.0,0.0,0.87,7461.0,0.0,3.0,2.0,3.0,2.0,1.0,2.0,6.0,2.0,0.0,1.0,3.0,1.0,2.0,3.0,2.0,1.0,0.0,1.0,0.0,0.0,0.0,0.0,0.0,0.0,0.0
0.7004314891872491,0.2497568652368329,15.0,0.0,0.0,0.96,7461.0,0.0,3.0,0.0,3.0,1.0,1.0,3.0,1.0,2.0,1.0,3.0,4.0,3.0,1.0,2.0,1.0,0.0,0.0,0.0,0.0,0.0,0.0,0.0,0.0,0.0,0.0
0.7004314891872491,0.2497568652368329,15.0,0.0,0.0,0.96,7461.0,0.0,2.0,0.0,3.0,0.0,1.0,0.0,0.0,1.0,0.0,0.0,0.0,0.0,0.0,0.0,0.0,0.0,0.0,0.0,0.0,0.0,0.0,0.0,0.0,0.0,0.0
0.7004314891872491,0.2497568652368329,15.0,0.0,0.0,0.96,7461.0,0.0,2.0,1.0,0.0,0.0,1.0,1.0,0.0,0.0,0.0,0.0,0.0,0.0,0.0,0.0,0.0,0.0,0.0,0.0,0.0,0.0,0.0,0.0,0.0,0.0,0.0
0.7004314891872491,0.2497568652368329,15.0,0.0,0.0,0.96,7461.0,0.0,2.0,0.0,1.0,1.0,1.0,0.0,0.0,0.0,0.0,0.0,1.0,0.0,0.0,0.0,0.0,0.0,0.0,0.0,0.0,0.0,0.0,0.0,0.0,0.0,0.0
0.7004314891872491,0.2497568652368329,15.0,0.0,0.0,0.96,7461.0,0.0,0.0,2.0,3.0,1.0,1.0,0.0,0.0,1.0,0.0,1.0,0.0,0.0,1.0,0.0,0.0,1.0,0.0,0.0,0.0,0.0,0.0,0.0,0.0,0.0,0.0
0.7004314891872491,0.2497568652368329,15.0,0.0,0.0,0.96,7461.0,0.0,4.0,1.0,0.0,0.0,2.0,0.0,0.0,0.0,0.0,0.0,0.0,1.0,0.0,0.0,0.0,0.0,0.0,0.0,0.0,0.0,0.0,0.0,0.0,0.0,0.0
0.7004314891872491,0.2497568652368329,15.0,0.0,0.0,0.96,7461.0,0.0,2.0,1.0,2.0,0.0,1.0,5.0,1.0,1.0,1.0,0.0,0.0,0.0,1.0,0.0,0.0,0.0,0.0,0.0,0.0,0.0,0.0,0.0,0.0,0.0,0.0
0.7004314891872491,0.2497568652368329,15.0,0.0,0.0,0.96,7461.0,0.0,0.0,2.0,1.0,0.0,0.0,2.0,0.0,0.0,0.0,0.0,0.0,0.0,0.0,0.0,0.0,0.0,0.0,0.0,0.0,0.0,0.0,0.0,0.0,0.0,0.0
0.7004314891872491,0.2497568652368329,15.0,0.0,0.0,0.96,7461.0,0.0,3.0,1.0,2.0,0.0,1.0,0.0,0.0,0.0,0.0,0.0,0.0,0.0,0.0,0.0,0.0,0.0,0.0,0.0,0.0,0.0,0.0,0.0,0.0,0.0,0.0
0.7004314891872491,0.2497568652368329,15.0,0.0,0.0,0.96,7461.0,0.0,1.0,3.0,0.0,0.0,0.0,0.0,0.0,0.0,0.0,0.0,0.0,0.0,0.0,0.0,0.0,0.0,0.0,0.0,0.0,0.0,0.0,0.0,0.0,0.0,0.0
0.7004314891872491,0.2497568652368329,15.0,0.0,0.0,0.86,7461.0,0.0,3.0,1.0,1.0,3.0,3.0,2.0,2.0,1.0,1.0,0.0,0.0,0.0,0.0,0.0,0.0,0.0,0.0,0.0,0.0,0.0,0.0,0.0,0.0,0.0,0.0
0.7004314891872491,0.2497568652368329,15.0,0.0,0.0,0.86,7461.0,0.0,0.0,1.0,3.0,2.0,2.0,0.0,1.0,2.0,2.0,0.0,2.0,1.0,0.0,0.0,0.0,0.0,0.0,0.0,0.0,0.0,0.0,0.0,0.0,0.0,0.0
0.7004314891872491,0.2497568652368329,15.0,0.0,0.0,0.86,7461.0,0.0,2.0,3.0,3.0,0.0,1.0,0.0,1.0,0.0,0.0,0.0,0.0,0.0,0.0,0.0,0.0,0.0,0.0,0.0,0.0,0.0,0.0,0.0,0.0,0.0,0.0
0.7004314891872491,0.2497568652368329,15.0,0.0,0.0,0.86,7461.0,0.0,2.0,4.0,3.0,2.0,1.0,0.0,0.0,0.0,0.0,0.0,0.0,0.0,0.0,0.0,0.0,0.0,0.0,0.0,0.0,0.0,0.0,0.0,0.0,0.0,0.0
0.7004314891872491,0.2497568652368329,15.0,0.0,0.0,0.86,7461.0,0.0,3.0,2.0,0.0,0.0,0.0,0.0,0.0,0.0,0.0,0.0,0.0,0.0,0.0,0.0,0.0,0.0,0.0,0.0,0.0,0.0,0.0,0.0,0.0,0.0,0.0
0.7004314891872491,0.2497568652368329,15.0,0.0,0.0,0.86,7461.0,0.0,5.0,2.0,1.0,2.0,1.0,0.0,1.0,0.0,0.0,0.0,1.0,0.0,0.0,0.0,0.0,0.0,0.0,0.0,0.0,0.0,0.0,0.0,0.0,0.0,0.0
0.7004314891872491,0.2497568652368329,15.0,0.0,0.0,0.86,7461.0,0.0,2.0,3.0,0.0,3.0,3.0,0.0,0.0,1.0,0.0,0.0,0.0,0.0,0.0,0.0,0.0,0.0,0.0,0.0,0.0,0.0,0.0,0.0,0.0,0.0,0.0
0.7004314891872491,0.2497568652368329,15.0,0.0,0.0,0.86,7461.0,0.0,2.0,3.0,1.0,2.0,2.0,1.0,1.0,0.0,1.0,1.0,5.0,2.0,2.0,1.0,0.0,1.0,0.0,0.0,1.0,1.0,1.0,0.0,2.0,0.0,1.0
0.7004314891872491,0.2497568652368329,15.0,0.0,0.0,0.86,7461.0,0.0,4.0,0.0,3.0,1.0,4.0,2.0,1.0,0.0,0.0,0.0,0.0,0.0,0.0,0.0,0.0,0.0,0.0,0.0,0.0,0.0,0.0,0.0,0.0,0.0,0.0
0.7004314891872491,0.2497568652368329,15.0,0.0,0.0,0.86,7461.0,0.0,4.0,0.0,1.0,1.0,0.0,0.0,1.0,0.0,1.0,2.0,0.0,1.0,5.0,0.0,0.0,1.0,3.0,1.0,1.0,0.0,2.0,1.0,0.0,0.0,0.0
0.7004314891872491,0.2497568652368329,15.0,0.0,0.0,0.85,7461.0,0.0,3.0,2.0,2.0,2.0,2.0,1.0,2.0,0.0,0.0,0.0,0.0,0.0,0.0,0.0,0.0,0.0,0.0,0.0,0.0,0.0,0.0,0.0,0.0,0.0,0.0
0.7004314891872491,0.2497568652368329,15.0,0.0,0.0,0.85,7461.0,0.0,5.0,1.0,0.0,2.0,3.0,4.0,0.0,1.0,0.0,0.0,1.0,2.0,1.0,0.0,0.0,1.0,0.0,0.0,0.0,0.0,0.0,0.0,0.0,0.0,0.0
0.7004314891872491,0.2497568652368329,15.0,0.0,0.0,0.85,7461.0,0.0,0.0,2.0,1.0,0.0,1.0,0.0,0.0,0.0,0.0,0.0,0.0,1.0,1.0,0.0,0.0,0.0,0.0,0.0,1.0,0.0,0.0,0.0,0.0,0.0,1.0
0.7004314891872491,0.2497568652368329,15.0,0.0,0.0,0.85,7461.0,0.0,1.0,2.0,6.0,0.0,1.0,3.0,1.0,3.0,0.0,1.0,2.0,2.0,1.0,3.0,1.0,0.0,0.0,2.0,0.0,0.0,0.0,0.0,0.0,0.0,0.0
0.7004314891872491,0.2497568652368329,15.0,0.0,0.0,0.85,7461.0,0.0,2.0,3.0,3.0,0.0,4.0,3.0,0.0,2.0,0.0,1.0,1.0,0.0,0.0,0.0,0.0,0.0,0.0,0.0,0.0,0.0,0.0,0.0,0.0,0.0,0.0
0.7004314891872491,0.2497568652368329,15.0,0.0,0.0,0.85,7461.0,0.0,1.0,5.0,2.0,3.0,3.0,2.0,3.0,2.0,0.0,1.0,1.0,1.0,1.0,1.0,1.0,0.0,1.0,1.0,0.0,0.0,0.0,0.0,0.0,0.0,0.0
0.7004314891872491,0.2497568652368329,15.0,0.0,0.0,0.85,7461.0,0.0,2.0,1.0,0.0,0.0,0.0,0.0,1.0,1.0,0.0,1.0,0.0,0.0,0.0,0.0,0.0,0.0,0.0,0.0,0.0,0.0,0.0,0.0,0.0,0.0,0.0
0.7004314891872491,0.2497568652368329,15.0,0.0,0.0,0.85,7461.0,0.0,1.0,3.0,0.0,3.0,3.0,3.0,0.0,0.0,1.0,2.0,0.0,0.0,0.0,0.0,0.0,0.0,0.0,0.0,0.0,0.0,0.0,0.0,0.0,0.0,0.0
0.7004314891872491,0.2497568652368329,15.0,0.0,0.0,0.85,7461.0,0.0,4.0,0.0,0.0,0.0,0.0,0.0,0.0,0.0,0.0,0.0,0.0,0.0,0.0,0.0,0.0,0.0,0.0,0.0,0.0,0.0,0.0,0.0,0.0,0.0,0.0
0.7004314891872491,0.2497568652368329,15.0,0.0,0.0,0.85,7461.0,0.0,4.0,2.0,2.0,0.0,1.0,0.0,2.0,0.0,1.0,0.0,1.0,0.0,1.0,0.0,1.0,2.0,3.0,0.0,0.0,0.0,0.0,0.0,0.0,0.0,0.0
0.7004314891872491,0.2497568652368329,15.0,0.0,0.0,0.99,7461.0,0.0,1.0,2.0,2.0,1.0,1.0,0.0,1.0,0.0,0.0,0.0,0.0,0.0,0.0,0.0,0.0,0.0,0.0,0.0,0.0,0.0,0.0,0.0,0.0,0.0,0.0
0.7004314891872491,0.2497568652368329,15.0,0.0,0.0,0.99,7461.0,0.0,2.0,0.0,0.0,1.0,0.0,0.0,0.0,0.0,0.0,0.0,0.0,0.0,0.0,0.0,0.0,0.0,0.0,0.0,0.0,0.0,0.0,0.0,0.0,0.0,0.0
0.7004314891872491,0.2497568652368329,15.0,0.0,0.0,0.99,7461.0,0.0,0.0,3.0,1.0,2.0,0.0,0.0,2.0,1.0,0.0,0.0,0.0,0.0,0.0,0.0,0.0,0.0,0.0,0.0,0.0,0.0,0.0,0.0,0.0,0.0,0.0
0.7004314891872491,0.2497568652368329,15.0,0.0,0.0,0.99,7461.0,0.0,4.0,1.0,2.0,0.0,0.0,0.0,0.0,0.0,1.0,0.0,0.0,0.0,0.0,0.0,0.0,0.0,0.0,0.0,0.0,0.0,0.0,0.0,0.0,0.0,0.0
0.7004314891872491,0.2497568652368329,15.0,0.0,0.0,0.99,7461.0,0.0,0.0,0.0,1.0,1.0,1.0,1.0,4.0,0.0,0.0,1.0,0.0,0.0,0.0,0.0,0.0,0.0,1.0,0.0,0.0,0.0,0.0,0.0,0.0,0.0,0.0
0.7004314891872491,0.2497568652368329,15.0,0.0,0.0,0.99,7461.0,0.0,0.0,4.0,0.0,1.0,0.0,0.0,1.0,0.0,0.0,0.0,0.0,0.0,0.0,0.0,0.0,0.0,0.0,0.0,0.0,0.0,0.0,0.0,0.0,0.0,0.0
0.7004314891872491,0.2497568652368329,15.0,0.0,0.0,0.99,7461.0,0.0,3.0,0.0,3.0,0.0,0.0,0.0,0.0,0.0,0.0,1.0,1.0,0.0,0.0,0.0,2.0,0.0,2.0,1.0,1.0,1.0,0.0,0.0,0.0,0.0,0.0
0.7004314891872491,0.2497568652368329,15.0,0.0,0.0,0.99,7461.0,0.0,2.0,0.0,1.0,4.0,2.0,4.0,1.0,0.0,0.0,0.0,1.0,0.0,0.0,2.0,0.0,0.0,0.0,1.0,0.0,1.0,0.0,0.0,2.0,0.0,1.0
0.7004314891872491,0.2497568652368329,15.0,0.0,0.0,0.99,7461.0,0.0,2.0,3.0,0.0,0.0,1.0,1.0,0.0,1.0,0.0,0.0,0.0,0.0,1.0,0.0,0.0,0.0,0.0,0.0,0.0,0.0,0.0,0.0,0.0,0.0,0.0
0.7004314891872491,0.2497568652368329,15.0,0.0,0.0,0.99,7461.0,0.0,3.0,1.0,3.0,4.0,0.0,0.0,1.0,1.0,0.0,0.0,0.0,0.0,0.0,0.0,0.0,0.0,0.0,0.0,0.0,0.0,0.0,0.0,0.0,0.0,0.0
0.7004314891872491,0.2497568652368329,15.0,0.0,0.0,0.93,7461.0,0.0,1.0,2.0,1.0,0.0,1.0,0.0,0.0,0.0,0.0,0.0,0.0,0.0,0.0,0.0,0.0,0.0,0.0,0.0,0.0,0.0,0.0,0.0,0.0,0.0,0.0
0.7004314891872491,0.2497568652368329,15.0,0.0,0.0,0.93,7461.0,0.0,2.0,2.0,2.0,1.0,0.0,0.0,1.0,0.0,0.0,0.0,0.0,0.0,0.0,1.0,0.0,0.0,0.0,0.0,0.0,0.0,0.0,0.0,0.0,0.0,0.0
0.7004314891872491,0.2497568652368329,15.0,0.0,0.0,0.93,7461.0,0.0,1.0,1.0,0.0,2.0,2.0,1.0,1.0,4.0,1.0,0.0,0.0,1.0,0.0,0.0,1.0,0.0,0.0,0.0,0.0,0.0,0.0,0.0,0.0,0.0,1.0
0.7004314891872491,0.2497568652368329,15.0,0.0,0.0,0.93,7461.0,0.0,3.0,1.0,2.0,3.0,1.0,1.0,1.0,1.0,0.0,0.0,1.0,1.0,0.0,0.0,0.0,0.0,0.0,0.0,0.0,0.0,0.0,0.0,0.0,0.0,0.0
0.7004314891872491,0.2497568652368329,15.0,0.0,0.0,0.93,7461.0,0.0,3.0,5.0,0.0,1.0,2.0,2.0,3.0,0.0,0.0,1.0,0.0,0.0,0.0,0.0,0.0,0.0,0.0,0.0,0.0,0.0,0.0,0.0,0.0,0.0,0.0
0.7004314891872491,0.2497568652368329,15.0,0.0,0.0,0.93,7461.0,0.0,4.0,1.0,1.0,0.0,0.0,0.0,0.0,0.0,0.0,0.0,0.0,0.0,0.0,0.0,0.0,0.0,0.0,0.0,0.0,0.0,0.0,0.0,0.0,0.0,0.0
0.7004314891872491,0.2497568652368329,15.0,0.0,0.0,0.93,7461.0,0.0,1.0,4.0,1.0,0.0,1.0,0.0,2.0,1.0,0.0,1.0,0.0,0.0,0.0,0.0,0.0,0.0,0.0,0.0,1.0,0.0,0.0,1.0,0.0,0.0,0.0
0.7004314891872491,0.2497568652368329,15.0,0.0,0.0,0.93,7461.0,0.0,3.0,1.0,2.0,0.0,1.0,1.0,0.0,1.0,0.0,2.0,2.0,0.0,5.0,2.0,1.0,1.0,2.0,2.0,1.0,1.0,2.0,1.0,0.0,0.0,0.0
0.7004314891872491,0.2497568652368329,15.0,0.0,0.0,0.93,7461.0,0.0,2.0,1.0,3.0,1.0,0.0,1.0,2.0,1.0,0.0,0.0,2.0,0.0,0.0,0.0,0.0,0.0,0.0,0.0,0.0,0.0,0.0,0.0,0.0,0.0,0.0
0.7004314891872491,0.2497568652368329,15.0,0.0,0.0,0.93,7461.0,0.0,2.0,3.0,2.0,1.0,1.0,0.0,0.0,1.0,0.0,0.0,0.0,0.0,0.0,0.0,0.0,0.0,0.0,0.0,0.0,0.0,0.0,0.0,0.0,0.0,0.0
0.7004314891872491,0.2497568652368329,15.0,0.0,0.0,0.87,7461.0,0.0,2.0,1.0,3.0,1.0,1.0,0.0,0.0,2.0,0.0,0.0,1.0,0.0,0.0,0.0,0.0,0.0,0.0,0.0,0.0,0.0,0.0,0.0,0.0,0.0,0.0
0.7004314891872491,0.2497568652368329,15.0,0.0,0.0,0.87,7461.0,0.0,2.0,2.0,3.0,2.0,2.0,0.0,1.0,1.0,0.0,0.0,0.0,1.0,0.0,0.0,0.0,0.0,0.0,0.0,0.0,0.0,0.0,0.0,0.0,0.0,0.0
0.7004314891872491,0.2497568652368329,15.0,0.0,0.0,0.87,7461.0,0.0,4.0,1.0,0.0,0.0,1.0,0.0,0.0,0.0,0.0,0.0,0.0,0.0,0.0,0.0,0.0,0.0,0.0,0.0,0.0,0.0,0.0,0.0,0.0,0.0,0.0
0.7004314891872491,0.2497568652368329,15.0,0.0,0.0,0.87,7461.0,0.0,0.0,3.0,1.0,1.0,2.0,0.0,0.0,3.0,1.0,3.0,1.0,1.0,0.0,0.0,0.0,1.0,0.0,0.0,0.0,0.0,0.0,0.0,0.0,0.0,0.0
0.7004314891872491,0.2497568652368329,15.0,0.0,0.0,0.87,7461.0,0.0,0.0,2.0,1.0,3.0,4.0,1.0,0.0,0.0,1.0,0.0,0.0,3.0,0.0,1.0,0.0,0.0,1.0,0.0,0.0,0.0,0.0,0.0,0.0,0.0,0.0
0.7004314891872491,0.2497568652368329,15.0,0.0,0.0,0.87,7461.0,0.0,4.0,1.0,2.0,3.0,4.0,2.0,2.0,4.0,2.0,2.0,2.0,1.0,2.0,0.0,0.0,0.0,0.0,0.0,0.0,0.0,0.0,0.0,0.0,0.0,0.0
0.7004314891872491,0.2497568652368329,15.0,0.0,0.0,0.87,7461.0,0.0,4.0,3.0,1.0,3.0,2.0,0.0,0.0,1.0,0.0,0.0,0.0,0.0,0.0,0.0,0.0,0.0,0.0,0.0,0.0,0.0,0.0,0.0,0.0,0.0,0.0
0.7004314891872491,0.2497568652368329,15.0,0.0,0.0,0.87,7461.0,0.0,3.0,3.0,2.0,1.0,2.0,2.0,1.0,0.0,2.0,0.0,0.0,0.0,0.0,1.0,0.0,0.0,0.0,0.0,0.0,0.0,0.0,0.0,0.0,0.0,0.0
0.7004314891872491,0.2497568652368329,15.0,0.0,0.0,0.87,7461.0,0.0,3.0,1.0,0.0,0.0,1.0,1.0,1.0,1.0,0.0,0.0,0.0,0.0,3.0,1.0,0.0,3.0,0.0,0.0,1.0,0.0,0.0,0.0,0.0,0.0,0.0
0.7004314891872491,0.2497568652368329,15.0,0.0,0.0,0.87,7461.0,0.0,0.0,0.0,3.0,0.0,3.0,1.0,1.0,0.0,0.0,0.0,0.0,0.0,0.0,0.0,0.0,0.0,0.0,0.0,0.0,0.0,0.0,0.0,0.0,0.0,0.0
0.7004314891872491,0.2497568652368329,15.0,0.0,0.0,0.84,7461.0,0.0,2.0,2.0,2.0,2.0,1.0,10.0,1.0,5.0,3.0,0.0,2.0,0.0,1.0,0.0,0.0,1.0,0.0,0.0,0.0,0.0,0.0,0.0,0.0,0.0,0.0
0.7004314891872491,0.2497568652368329,15.0,0.0,0.0,0.84,7461.0,0.0,2.0,4.0,1.0,1.0,2.0,0.0,1.0,0.0,0.0,0.0,0.0,0.0,0.0,0.0,0.0,0.0,0.0,0.0,0.0,0.0,0.0,0.0,0.0,0.0,0.0
0.7004314891872491,0.2497568652368329,15.0,0.0,0.0,0.84,7461.0,0.0,0.0,2.0,1.0,2.0,2.0,2.0,2.0,1.0,1.0,5.0,2.0,0.0,0.0,0.0,0.0,0.0,0.0,0.0,0.0,0.0,0.0,0.0,0.0,0.0,0.0
0.7004314891872491,0.2497568652368329,15.0,0.0,0.0,0.84,7461.0,0.0,3.0,2.0,0.0,1.0,0.0,1.0,1.0,1.0,0.0,0.0,0.0,0.0,0.0,0.0,0.0,2.0,1.0,0.0,0.0,0.0,0.0,0.0,0.0,0.0,0.0
0.7004314891872491,0.2497568652368329,15.0,0.0,0.0,0.84,7461.0,0.0,0.0,1.0,3.0,0.0,1.0,4.0,1.0,1.0,1.0,0.0,0.0,0.0,0.0,0.0,0.0,0.0,0.0,0.0,0.0,0.0,0.0,0.0,0.0,0.0,0.0
0.7004314891872491,0.2497568652368329,15.0,0.0,0.0,0.84,7461.0,0.0,2.0,2.0,0.0,0.0,0.0,0.0,0.0,0.0,0.0,0.0,0.0,4.0,1.0,0.0,0.0,0.0,0.0,0.0,0.0,1.0,0.0,0.0,0.0,0.0,0.0
0.7004314891872491,0.2497568652368329,15.0,0.0,0.0,0.84,7461.0,0.0,1.0,1.0,2.0,0.0,0.0,2.0,2.0,1.0,0.0,1.0,0.0,0.0,1.0,1.0,1.0,0.0,1.0,0.0,0.0,0.0,1.0,0.0,0.0,0.0,0.0
0.7004314891872491,0.2497568652368329,15.0,0.0,0.0,0.84,7461.0,0.0,1.0,2.0,0.0,3.0,1.0,0.0,1.0,0.0,0.0,0.0,0.0,0.0,0.0,0.0,0.0,0.0,0.0,0.0,0.0,0.0,0.0,0.0,0.0,0.0,0.0
0.7004314891872491,0.2497568652368329,15.0,0.0,0.0,0.84,7461.0,0.0,2.0,2.0,2.0,2.0,1.0,3.0,0.0,2.0,1.0,1.0,0.0,1.0,0.0,0.0,0.0,0.0,0.0,0.0,0.0,0.0,0.0,0.0,0.0,0.0,0.0
0.7004314891872491,0.2497568652368329,15.0,0.0,0.0,0.84,7461.0,0.0,3.0,4.0,2.0,0.0,1.0,0.0,0.0,1.0,1.0,0.0,0.0,0.0,0.0,0.0,0.0,0.0,0.0,0.0,0.0,0.0,0.0,0.0,0.0,0.0,0.0
