inf_prob,diag_prob,i0,vaccine_efficacy1,vaccine_efficacy2,infection_efficacy,first_outbreak_size,0,1,2,3,4,5,6,7,8,9,10,11,12,13,14,15,16,17,18,19,20,21,22,23,24,25
0.6888144409997683,0.2392629889732256,16.0,0.71,0.82,0.0,7513.0,1.6330743941330008,1.4615528767124475,1.8975963086386838,1.0850857226000998,1.0459098006010306,0.9682433188522865,1.0524272632122051,1.0783262626664463,1.1866641356441476,1.4123872985820582,1.1871934322129125,1.2266783883584003,1.0788974551941104,0.9431222398164802,0.9452636276462832,0.9446763738350792,0.817847597274159,0.7134801277822914,0.7886124860960286,0.8090534027054165,0.742699525160238,0.7801779273327676,0.6982455662746914,0.6392158490764609,0.5752609713908017,0.5707970191456879
0.6888144409997683,0.2392629889732256,16.0,0.71,0.82,0.0,7513.0,1.7229627908028784,1.3164378745050078,1.6311683901822969,1.0231378276276077,1.252530748715466,1.1991517006850387,1.0686534814110087,1.0040978627142736,1.1129252197106247,1.0678675039474521,1.0577376314169613,1.030626126874046,1.0172035120758718,0.8953229893116614,0.8635107130248773,0.8356743420598929,0.7869217461523423,0.6781812484000679,0.6286997595553224,0.6250276386694865,0.6669363714795062,0.6251151312719148,0.6328953382556273,0.5546234083747579,0.5000352354231052,0.455621132648839
0.6888144409997683,0.2392629889732256,16.0,0.71,0.82,0.0,7513.0,2.254548447326565,1.5151852957781455,1.115892384403765,1.1709867182509355,0.9755111319691373,1.0050656172179426,0.9706118261937385,1.2371171848920262,0.9795075803438872,0.8360062366248403,0.9311882009940566,1.0094452178171092,0.9598623252775387,0.9427382571816603,0.956834565597565,0.8624994575041139,0.9741516527589975,0.8677667606849562,0.8498961766888886,0.744498343635255,0.6698087771304077,0.7071614629729082,0.763834729384706,0.7723492968883768,0.5957450477093688,0.5602089794084574
0.6888144409997683,0.2392629889732256,16.0,0.71,0.82,0.0,7513.0,0.9703644146735342,0.9393116680001735,1.0528980034735838,1.1225906884120571,1.2558827628943101,0.8067111168474074,0.8370437662503724,1.2599635444132078,1.142324972610567,1.130087558413023,0.9742324691895408,0.9826243709529277,0.8594503866084798,0.9018104069421434,0.9630840324082486,0.7813361338714945,0.794849342510512,0.7831145180589077,0.6621878998701396,0.6442270787814994,0.5519059627502794,0.5758497726561836,0.5777355199497775,0.5551903854844841,0.5067244828264449,0.5475355619782175
0.6888144409997683,0.2392629889732256,16.0,0.71,0.82,0.0,7513.0,1.263876952591149,1.0257877923634582,1.0852777369278386,1.1487718936210611,1.2864014187570516,0.9963596164056625,1.0726132549178093,1.2293960948696308,1.2532010574720776,1.040466962134463,1.0148377382565623,1.086009017338111,1.0262156816193821,0.9003600199960881,0.8179913602607336,0.7906778800193113,0.750639991583274,0.7492963807636,0.6911755197558949,0.6520783131623724,0.6918591687314235,0.6205705431267398,0.5071816840784167,0.5728170583280233,0.5424308865890225,0.6374939899051041
0.6888144409997683,0.2392629889732256,16.0,0.71,0.82,0.0,7513.0,2.023990280908024,1.62399146566145,1.7156318976027214,1.0213215096879633,1.2049589299804102,0.9389371480141997,0.9730423228534196,1.0257589785725219,0.9838456371222773,1.0621374920523845,0.9667242797594168,0.95301363711664,1.0253442796504408,0.8950840183757547,0.8598771000174725,0.8139940608975833,0.7932537699850859,0.6771555074541712,0.6306749513744827,0.6154970384024162,0.6268178210120029,0.5347540701865074,0.4796785801804557,0.5527559369928159,0.4707938264823109,0.5181475492471044
0.6888144409997683,0.2392629889732256,16.0,0.71,0.82,0.0,7513.0,2.0502083151250865,0.972284577748665,1.1457732342621454,1.2335165329724533,0.9851260293642996,0.7701838552471362,0.9948777622668985,1.2488936765933165,1.2571620079890253,1.1086429549795775,1.2445514641861846,1.2203188145329162,1.0989239372820492,1.0090162847927364,0.9501406874982463,0.9229609012814782,0.868193676908971,0.8246263260015714,0.7993159631581239,0.8254613100032215,0.7138632289012523,0.7020266276431839,0.6693127997719684,0.6735813141412688,0.6332661307760742,0.6188845445049667
0.6888144409997683,0.2392629889732256,16.0,0.71,0.82,0.0,7513.0,1.386732245015581,1.2339198997214837,1.5286276754901569,1.1494493693640462,1.0894425751331531,1.0096652214019142,1.1896923187059552,1.3190899006595644,1.1971284862949232,1.177101364449632,0.9954002147127318,1.1005422762572359,0.9258572309210017,0.9782909659502756,0.951409630451384,0.8917419415040385,0.7878260222292275,0.6697224321149873,0.6487640745993939,0.6636547375815229,0.6264626745106703,0.6908458059327537,0.6503709744097474,0.6264517419615844,0.5816412474566577,0.555718346076679
0.6888144409997683,0.2392629889732256,16.0,0.71,0.82,0.0,7513.0,1.284826480414893,1.2365878128271237,0.3819463632739319,0.7640964797445615,1.620707700335178,1.2301869746561152,0.8747827578146848,0.9722359411508209,1.351741755324152,1.13247220272129,1.1249521563533031,0.9853997947491349,1.0085334432210757,1.0575483530150747,0.9758453400597397,1.0048608267881343,0.9152050136289759,0.8907370530656088,0.763966849149521,0.7276779401352172,0.7640526044038367,0.6847072892322655,0.5587129516893051,0.5917240884206126,0.6189331788475586,0.5818375158755416
0.6888144409997683,0.2392629889732256,16.0,0.71,0.82,0.0,7513.0,1.2705086732218458,1.1299009588863813,1.1507621228781337,1.1203520338047601,1.424642774420672,1.1454104023284233,1.217489933337144,1.0686314859314967,1.014612753749254,0.9832546510599101,0.9806529096375733,1.098405705291786,0.8820843595720449,0.9258705181748556,0.9210668648425172,0.8780468443546315,0.7807765066748891,0.6503742895441225,0.6865813173757984,0.6488619603498298,0.6302518089063561,0.6022738053219889,0.5578794868997741,0.5130578303747442,0.5603811597370585,0.5340995752546825
0.6888144409997683,0.2392629889732256,16.0,0.67,0.73,0.0,7513.0,1.2801510043477624,0.8090837779595331,1.2216817947531002,1.0978516409121006,1.1525261561205227,1.1304980972095717,1.096212363923575,1.087071528570772,1.0871676083787671,1.0185097574114974,1.0163007760702076,0.8521184536453259,0.847940181529481,0.8367148915908708,0.7848359525492138,0.7743757845250271,0.6949543102844004,0.6751640102343449,0.6515159268668128,0.5997316106911997,0.5827688599772799,0.5530897383339157,0.5066158089698586,0.4578518053037413,0.5782718190432925,0.5557377395165088
0.6888144409997683,0.2392629889732256,16.0,0.67,0.73,0.0,7513.0,1.4616102290502861,1.0140294009359192,1.064960695712775,1.1756615582279972,1.6658738478693016,1.4039296731890305,1.1639569730235602,1.1932264387201588,0.9924957545096432,0.9266212013185005,0.9695207319655342,0.9173657869634867,0.7800816018716936,0.7739519262349329,0.7197536289950541,0.6587989170898768,0.6513250971015881,0.6487132672530838,0.5315877525605529,0.4827454401359446,0.48438983488652765,0.5770858435092096,0.5968064920307803,0.47984107890640443,0.4529630715206428,0.49177194047339706
0.6888144409997683,0.2392629889732256,16.0,0.67,0.73,0.0,7513.0,1.9093627249140992,1.4818344259594465,1.2523869454301675,1.2515248630839368,1.0321952238732155,1.3678668904368996,1.1025317759417834,1.165757891296098,1.0308940044438992,0.9341577530610484,0.9876825749844995,0.9456413128210053,0.8736736449636714,0.7436796590623399,0.7144156268556858,0.6973593607178925,0.6939240267511757,0.6872438811713025,0.5884046149522439,0.5656247663674191,0.5594304508130797,0.5717122706622089,0.4971292975037806,0.6169094317678482,0.529967175088486,0.598406470235246
0.6888144409997683,0.2392629889732256,16.0,0.67,0.73,0.0,7513.0,2.07622996956446,1.3041185218871323,1.4036005682022534,1.0355036752657694,0.9446284609857636,1.0518243913525305,1.0395148611566702,1.0483794537503184,1.2685644974309467,1.218309753092949,0.9683338498241589,0.9773538556701395,1.1063528248819967,0.9724820657712906,0.8921964912981344,0.8082512224115987,0.7737099170852437,0.6599560550850843,0.713507875625011,0.7569748307906768,0.7119429003494706,0.6511280876644655,0.5753121616593244,0.5610086515595698,0.5397912374785824,0.6344537750951611
0.6888144409997683,0.2392629889732256,16.0,0.67,0.73,0.0,7513.0,1.1259401946982455,0.6143885691150686,1.5711297790108074,0.9895593850966098,1.6449413519682952,1.4254394336091285,1.2899675699138993,1.130808617704704,1.0964578473423434,0.9593234057420813,1.029473340161066,0.9666242491434557,0.9111938229644629,0.9221468439605741,0.9920419025340922,0.8746245951989371,0.8230487293024911,0.6678069403210943,0.7273944423425381,0.6249354590117361,0.618091522863454,0.5801352391849687,0.581390194678479,0.5587137175608208,0.6276038872758994,0.5459352484697882
0.6888144409997683,0.2392629889732256,16.0,0.67,0.73,0.0,7513.0,1.3777833898160965,1.1930639881398402,0.7542493880528286,1.2869232362878438,1.3615832693700034,1.3405947716114668,1.3177098465933024,1.1114116293120333,1.2765147729118023,1.161641038090814,1.0649086472520977,1.0049560533269408,0.940733460317676,0.873524576206402,0.7761886464613199,0.723600998274537,0.6740551751214046,0.6241661124634943,0.60426355224239,0.5764533626366344,0.5499116446466544,0.5076192655504486,0.5802547270162643,0.5037657213219441,0.49251430764214693,0.4658442236501481
0.6888144409997683,0.2392629889732256,16.0,0.67,0.73,0.0,7513.0,1.2027852016410208,0.9648991461069315,1.683192158446431,1.3943116191678935,1.5090370937092794,0.8658050871813066,1.3271763433825137,1.3168732724604157,1.1833217404751015,1.176248412536961,0.9392408209147247,0.9407908807329335,1.0614614788886696,1.0334938950158221,1.096467906525699,0.8756946661505656,0.8097458934497632,0.7641136224318227,0.7134969579642825,0.6621767469635916,0.657742095428965,0.6359151335862541,0.5739153983192841,0.5419395040572621,0.5560304623429969,0.5819308394313468
0.6888144409997683,0.2392629889732256,16.0,0.67,0.73,0.0,7513.0,1.5732007772863772,1.1012778678514537,1.0751957271052996,1.066248989752419,1.444970415119033,1.1781890633090102,1.0756967812671074,0.9907651129908142,0.8980233119812026,1.0590267767752024,1.184489741065977,1.0852635263379604,1.1515323099255053,0.996263221456666,1.0372987159496612,0.9195930948587868,0.8949238040944011,0.961404205056336,0.8697305215295957,0.8734997927964812,0.8449797804960799,0.7607479239271521,0.6811816405313634,0.6327346145764158,0.6101970606586401,0.5499848649780708
0.6888144409997683,0.2392629889732256,16.0,0.67,0.73,0.0,7513.0,1.3293157869045964,1.076801121781399,1.2357808166815947,1.430623836216062,1.2438982840706854,1.2234335176492426,1.1442764511303753,1.1165492443869731,0.9854459754127117,0.9203021205646797,0.936448181286728,0.9191931709537581,0.8530732812150548,0.7288313196099221,0.7269392161674646,0.7174176366504446,0.664552391284195,0.6401689100514938,0.6249857290634747,0.5548971496466687,0.528089649317992,0.5306872946141328,0.6016598264175982,0.49257539284442275,0.507380719312402,0.43211225692903393
0.6888144409997683,0.2392629889732256,16.0,0.67,0.73,0.0,7513.0,1.2868285720850776,0.9429611806646649,0.8535692003888513,1.4266243237429643,0.7951544726448417,1.002821335253162,0.9507587515696033,1.095760460135247,1.5942849997958468,1.2971922569354257,1.2436140469815973,0.8983006680629657,0.9990131520958306,1.0181862024737542,1.0571816903027649,0.9633950905979626,1.1119247945734296,0.978245971743856,0.8676338685964448,0.9803549291399172,0.8820836060819414,0.8132525488244101,0.7539656810655571,0.6808619615824474,0.6756817748869566,0.6588409102746441
0.6888144409997683,0.2392629889732256,16.0,0.64,0.76,0.0,7513.0,1.2794292067398816,0.9290229732600636,1.2570115262462984,0.885085571531948,1.855495585017003,1.4518570815451215,1.2717698464698484,1.3178087562709377,1.1201788002799065,1.039385394359955,1.147538095871969,1.1254024201662938,1.140670947569909,0.9984521355299769,0.9707828993786728,0.9538036568522522,0.9076910031423207,0.8316524845696658,0.8131221279579003,0.7652567480879207,0.6621423609565198,0.6609796322096275,0.6164117629527995,0.6496050670721156,0.6070946584018648,0.5482953271315119
0.6888144409997683,0.2392629889732256,16.0,0.64,0.76,0.0,7513.0,1.8724279629241178,1.0553797922490422,0.9775258923714643,0.8196765110996185,1.2114919547979417,0.8936259161950693,1.1934112276151805,1.2443176909722835,1.2212868891248156,1.1137377658084555,1.0882505493534227,0.9525933872004863,0.8697110053424738,0.8151989336219937,0.7291656658937559,0.7209839337236237,0.7106371544131086,0.6567108525719554,0.6501777989377564,0.5984396607282594,0.5249706559789673,0.47909742638659847,0.49336873318335267,0.533714900433569,0.4833055791076156,0.5057287414651905
0.6888144409997683,0.2392629889732256,16.0,0.64,0.76,0.0,7513.0,1.5576984709081951,1.2073404116450768,0.5521507672976537,1.0749066378511858,1.3517204714374746,1.515151233510063,1.1146020796777525,1.38911939206896,1.2334559724208942,1.119673592441536,1.0528656109005436,1.0187630234884526,1.211979754113718,0.9610815015524801,0.9445272387370182,0.8302920639299226,0.7902131237205816,0.8610770842641999,0.783040067354935,0.7726099346093177,0.7187707656640878,0.6886556163650492,0.6159996915047501,0.5880202971281833,0.5533729462193376,0.591861771810659
0.6888144409997683,0.2392629889732256,16.0,0.64,0.76,0.0,7513.0,2.1304497624457457,1.3744562406279308,1.586037290602082,1.4643601088602751,0.8348252433398686,1.040807640932803,1.1992804708968159,1.1096604924405842,1.0099624227832753,0.8801763520370507,0.9656308623232462,0.9429424789490493,0.7850380671222718,0.8204610331696314,0.6995314121174077,0.7151545052457422,0.6789515693503044,0.6338357428972867,0.5843775073577514,0.6046294571788147,0.6115887279674023,0.5938140220543525,0.5314772532114145,0.4637310495938901,0.47073094834416407,0.5860600815684177
0.6888144409997683,0.2392629889732256,16.0,0.64,0.76,0.0,7513.0,1.9989066791009453,1.1233656591423353,1.2264541731058367,1.4529307871047772,1.1234307802321106,1.1526185898310854,1.2467609096256007,1.0789872120199635,1.0833891446298216,1.0300032657463427,1.0091070950541432,0.8897471829844461,0.846232635192742,0.8366736754860814,0.807228216635478,0.7857840521605084,0.7642731328907566,0.6632890014316182,0.5480504601473268,0.6274622540003889,0.6534919329193765,0.6588716816289104,0.637814562965797,0.6906555177658822,0.6597128899273569,0.591583202605143
0.6888144409997683,0.2392629889732256,16.0,0.64,0.76,0.0,7513.0,1.4740322322092543,0.9319296424251904,0.9179230393327475,0.9008449951564979,0.884409063904816,1.2190499578184693,1.2664514499618447,1.316514136139034,1.1342847002212348,1.037564889989461,0.9741185810123019,0.9782669766622861,0.9968252335906805,0.8767971292402502,0.7812904339981374,0.7394646294239977,0.7340474002632204,0.7051179835052693,0.7135250474141429,0.6325887607640978,0.5730128539368153,0.5212650773641881,0.502840468242948,0.549580423227832,0.48590566320012374,0.5464567850017411
0.6888144409997683,0.2392629889732256,16.0,0.64,0.76,0.0,7513.0,1.9493067802964046,1.5864223437498615,1.6810765994921226,1.7655305205022538,1.0589370397288145,0.9966949491601744,0.9850094450079135,1.2199762230196631,1.2433227103670088,1.1669637004752103,0.9851100043734567,0.8662043330620689,0.8905704827423514,0.9135481487621795,0.8861646331994489,0.7951824378639929,0.6426002922763071,0.6671974465976342,0.6634890626687322,0.6210368186258814,0.5452644889538093,0.552587824818168,0.5826357612926886,0.5149128088578174,0.5031577622305123,0.4689106260137423
0.6888144409997683,0.2392629889732256,16.0,0.64,0.76,0.0,7513.0,2.102576375560846,1.2233640001470996,1.6559911378697265,1.3577994197726242,0.9603561388294239,1.192497875076643,1.1239539058970525,1.0266517922262397,1.1294565660325508,1.12874092552734,0.9601820802952297,1.0194977923878201,1.0114655328870146,0.9878533275195464,0.8671450886814875,0.7973498388633071,0.8095812417482395,0.701558550397182,0.6849698586417701,0.6455355738088321,0.6086514726066766,0.562279123775859,0.5600207260453149,0.5450689408499193,0.6537179146583064,0.6037549477035681
0.6888144409997683,0.2392629889732256,16.0,0.64,0.76,0.0,7513.0,1.6977165250230493,1.243090485130063,1.359228596986901,1.5281335513813001,1.0131518156297055,1.077844635468545,1.4617541452428733,1.456070421669914,1.2176557459456732,1.0827434112785637,1.169084674783729,0.9813091423797937,1.0767327344620603,0.9360869658520343,0.9759397477442051,0.8626316250327205,0.7774173385068356,0.7843939638751463,0.7158935536636765,0.721133067940122,0.6073321262631997,0.6247800577733141,0.6697489778394132,0.5933870853827472,0.5765767483502431,0.492165138047374
0.6888144409997683,0.2392629889732256,16.0,0.64,0.76,0.0,7513.0,2.326480114731341,1.8602096403657946,1.3963183881213017,1.0648351116473425,0.9396653491064949,0.9008207567471673,1.1192582814878236,1.0664939599479801,0.9044250254391865,1.091944379954589,1.2048602341149994,0.9815313418999626,1.0250369151343246,0.9582814163087989,0.9882230069633847,0.9551048862055453,0.8161642403294564,0.723976367983955,0.6390152938636258,0.6707724663286945,0.6181310204993733,0.5871772097131758,0.5918104711580146,0.5374231099383111,0.47753242021823605,0.4989475409456125
0.6888144409997683,0.2392629889732256,16.0,0.66,0.9,0.0,7513.0,2.1004319249898527,0.8471960961425774,0.9030253217359306,0.9113434332865094,1.1188323276007264,1.0932955491691092,1.046540547676575,0.9821917641243557,1.141110670390925,0.9805916696519691,1.0085589985038286,1.215366621317133,1.1689194676924344,1.125239789914191,1.074294938428243,0.9315035030708572,0.8411603140752865,0.8622684739596115,0.8646006386984273,0.7946891002297085,0.784000133846294,0.7360595032951589,0.7095272534973845,0.7583247362768103,0.6645137028316442,0.5746539047106967
0.6888144409997683,0.2392629889732256,16.0,0.66,0.9,0.0,7513.0,1.4952826979650402,1.0484876481092011,0.7879262429268176,1.2514799717151819,1.3769491540740857,1.000608260980767,0.8963408309843667,1.023088962372438,0.9396531595488202,0.787172578229066,0.9807300714931702,1.3179022274228338,1.2187254982112836,1.2238949756194084,1.271872126291665,1.1137472254200085,1.125565538550809,1.1000888054146485,1.148779804220469,1.1192953186112422,1.109041250624956,0.9514368054155264,0.9452987148758752,0.8055450425821268,0.7273059431290013,0.7202698739073939
0.6888144409997683,0.2392629889732256,16.0,0.66,0.9,0.0,7513.0,1.1686973705120305,0.8639430347834246,0.804351548876359,0.9152164124271639,1.3794682657106614,1.6507051250961011,1.4786514414355256,1.2068690572681866,1.1685834847909922,1.4017967219085403,1.4248582721054819,1.0301634515874603,0.9663236044368628,1.1959705684907362,1.1932017985513212,0.9910822220345167,0.9907025217893003,0.8712389179914953,0.7980158892629092,0.8599968041338352,0.8898825480962794,0.8128781074152388,0.6873759313286077,0.6969015271205596,0.6429487297087165,0.6179052922208459
0.6888144409997683,0.2392629889732256,16.0,0.66,0.9,0.0,7513.0,0.8968950724452549,0.6721602321333562,0.9240832205193793,1.8377828928198463,1.5944123843202997,1.222134909770089,1.0277185597894942,1.1317822398215762,1.1927036834747105,1.48186525442414,1.446938928670062,1.0250229846611738,0.8750754061206767,1.0246717897539475,1.0274415893692512,1.0603535216140423,1.247763944269035,1.2180657109690598,1.1087567491139343,1.1243708627583011,1.037963891964157,0.9855013041385796,0.8635316226825374,0.9440598364573479,0.9631140406150115,0.8806677964791478
0.6888144409997683,0.2392629889732256,16.0,0.66,0.9,0.0,7513.0,1.6523128862485779,1.2146104734044132,1.691710377822831,1.562673276114267,1.2431431843135337,1.1295866121392815,1.0479757792823712,1.035341480058579,1.209207022320144,1.061931802102251,0.9809968096005798,1.0743483743189266,0.9319651590739516,0.9797115225467384,1.0240005507995333,1.0444613109151055,0.9564582464925415,0.9428105512250128,0.9634851164622005,0.8165414795003569,0.7441913257598197,0.7711314204593384,0.64602408290784,0.6099279317693318,0.6034113155793654,0.5588953416074681
0.6888144409997683,0.2392629889732256,16.0,0.66,0.9,0.0,7513.0,2.039793275850384,1.480952937451358,1.2749701858259646,0.7709146149815714,0.9184328405265001,0.9414299050913927,1.0833828553962004,1.1127353862039122,1.3727758837653528,1.152003633193759,1.1352503723049803,1.1608765193928998,1.18342828619476,0.980641000378682,0.9985018448647167,0.9881241793258047,0.9146494736494071,0.9519563565703091,0.7797160947631138,0.8626734896143254,0.9128703832909767,0.8261034580400224,0.8549119398707251,0.7239775633503753,0.6650171165909193,0.714222252555811
0.6888144409997683,0.2392629889732256,16.0,0.66,0.9,0.0,7513.0,1.0132191609471515,1.0025085485561958,0.537926783890721,1.0666056248456701,1.1734225897957329,1.0838930636017192,0.6688817661026252,0.8237541440488683,0.9374814280212564,1.5026604250508024,0.8829645954597742,1.4526596384034747,1.259356822370528,1.2628266485226929,1.1590142679981665,1.2344583383140335,1.109338660579113,1.1852522530341834,1.107547251213615,1.0543468253861403,0.9034055197134334,0.8282871627204996,0.8408594903728828,0.9162935865767345,0.8241983168688524,0.7264539648565793
0.6888144409997683,0.2392629889732256,16.0,0.66,0.9,0.0,7513.0,1.516214817756252,0.9721803510136142,1.488392816408914,1.4125650779993377,0.9748483199965255,0.9946362793824286,0.9741588738064227,1.1235980130966732,1.1219763846596935,1.0736849401632358,1.0249062499801491,0.9429456377499239,0.9526086794131536,0.7790662307657831,0.7500296284882759,0.7116374335558973,0.6574249766432813,0.6718698416994796,0.6179781129403875,0.5949414695038242,0.5523701420482393,0.5519929730844203,0.4890592433534485,0.580441256779065,0.4851153580841827,0.4672672026760372
0.6888144409997683,0.2392629889732256,16.0,0.66,0.9,0.0,7513.0,1.2228848490495108,1.0411989835488777,1.3042140197020844,1.5822612374214533,1.2274059141556568,1.2341586980133439,1.0949480492814405,0.8736662323550035,0.9075297687085004,0.9114259092348175,1.0809789938952148,0.9552065546989703,0.9304153336552625,0.8850177603529942,0.9163935184901371,0.8820457815841033,0.8386867687427593,0.736403534900173,0.6838558124262007,0.6820882614040985,0.71291322529864,0.6991435424625412,0.6984692574545764,0.6192748345223972,0.54387037584731,0.5690010073398866
0.6888144409997683,0.2392629889732256,16.0,0.66,0.9,0.0,7513.0,1.5154409739263424,1.4401530391070045,1.4347208292663063,1.4857378482651629,0.9029347803189455,0.7663412443587497,1.0692753563060662,1.131737914094831,0.9796045142241077,1.0315795792332625,0.9662505572039458,1.062347335305881,0.9870527248080521,0.9760352890793309,0.9557925116612682,0.9131041744534582,0.8082721390895199,0.7029467625574267,0.7307701883968186,0.6835424013115685,0.7303966595846899,0.6438329982674137,0.5171530088272184,0.5181777862246276,0.6262135355781004,0.5521106861808689
0.6888144409997683,0.2392629889732256,16.0,0.74,0.85,0.0,7513.0,1.9088010719854556,1.6073356281918645,1.215989261255546,1.3525356734744687,1.2651884476524466,1.1682305409014786,1.2364965921771374,1.102523636803612,0.9660429821798218,1.0942188003567108,0.919473741530885,0.8449695076456832,0.8586626730964017,0.7764288106765233,0.8092369072836403,0.7685509013454369,0.7550106132215535,0.6605819097234876,0.7109149816036253,0.5366119817083536,0.5833431303704851,0.6351726177565499,0.7148391361782265,0.5553190330790997,0.7719935738051302,0.7066595733342033
0.6888144409997683,0.2392629889732256,16.0,0.74,0.85,0.0,7513.0,1.543455461671972,1.3351675330253179,0.8218345206456501,0.7373041137340355,1.139231445704222,0.27593093226445875,1.14314468008636,2.0113533703139934,1.3446693332044053,1.6165860847309315,0.9011802368595326,1.1173506409284548,1.410929833917924,1.176767419036263,1.0724121610691648,1.1283580347065092,1.1686849449586392,1.205460950394445,1.037334995401387,0.8269898928784376,0.7571999608549282,0.8204962464073852,0.7969712337819467,0.8483411296480431,0.7994305603779023,0.729727264177917
0.6888144409997683,0.2392629889732256,16.0,0.74,0.85,0.0,7513.0,1.17755152347307,0.9273175786577261,0.9354547523050919,0.9876899579964115,1.380521305488976,1.1068124418757332,1.3693263954553847,1.1409130237881486,1.1192516122212197,1.2343895412803678,1.036238562764244,0.9472400007410073,0.9852122890706216,1.037342730468875,0.8106533566511874,0.80072299438888,0.8086686450703592,0.6951490914850792,0.7475385517200093,0.6720982870921279,0.5609473194274848,0.5790154937071107,0.6021061397697501,0.654390212305282,0.623154724570686,0.5885819862988171
0.6888144409997683,0.2392629889732256,16.0,0.74,0.85,0.0,7513.0,1.8469032922066633,1.31936260762857,1.2914019970113273,1.416559014527061,1.0550105625182362,1.1374019718311652,1.0313760801769485,1.0142185948422533,1.1044407585449723,1.1157509269657173,1.090318829401229,1.1217456373837658,0.9576207180037537,0.9606134132375395,0.9924970283340386,0.8120597842419351,0.8514710833976677,0.655989737579056,0.7382104253349677,0.7782414006409285,0.6881905198195637,0.6729985405228052,0.6481795078456618,0.6919379242346442,0.6395033178191151,0.5959842031480821
0.6888144409997683,0.2392629889732256,16.0,0.74,0.85,0.0,7513.0,0.7981818543083419,0.6056122091277661,1.3942088452037575,1.2445751499045725,0.9462050511198171,1.5748216236417238,1.411479439468443,0.8271762135519228,1.3638508355636396,1.3746929368373753,1.1232690278553479,1.1749833237122707,1.026463151379628,1.0285335513160978,0.9065865030037681,0.8802035548844351,0.8510927442064619,0.9651054766435744,0.8514665313756532,0.7979700627899712,0.7750743228003028,0.6563648824011277,0.6903611513324718,0.7597004423000143,0.7483037695895828,0.5551755914326937
0.6888144409997683,0.2392629889732256,16.0,0.74,0.85,0.0,7513.0,0.9810116865161139,1.0714721486383232,0.9432631486924088,0.5963334177784313,1.1989918375905086,1.2524765130442006,1.1412434719943656,1.2265591111739245,1.2463907425747576,1.1975944889578287,1.1482107981775702,1.0528211569985584,1.0552425710463524,0.8520574786389651,0.8548461388320219,0.8272650320995031,0.8367095807188037,0.9091349653706519,0.8126326689523443,0.7549318432935569,0.8215486689763366,0.7533314013266343,0.7415589277478642,0.6484470339306039,0.5833117039624544,0.5932551785207932
0.6888144409997683,0.2392629889732256,16.0,0.74,0.85,0.0,7513.0,1.6783783486431296,0.932873099993097,0.718601150092474,0.28087344883154547,1.568332874621967,1.3243542009992126,1.1274505351440443,0.8890700369767462,1.948410599994175,1.1955435378225767,0.7531222127605457,1.0715994523857197,1.1494921652729075,1.2145667963576277,1.0612813088584974,1.1684977122382594,1.0477147914567335,0.9640297327516452,0.9705570528722259,0.995188951680863,0.9820055951298595,0.9602459071786696,0.9183772141654533,0.8750405099355777,0.7686574148588439,0.7309648604132338
0.6888144409997683,0.2392629889732256,16.0,0.74,0.85,0.0,7513.0,2.394395286807548,1.6151997843533672,1.298132787435616,1.1386883356699287,1.3257070753436861,1.130075858707296,1.1561329691118076,1.2738944964998515,1.140387177546407,1.2211199206719885,1.1602150819282742,1.0847361261942992,1.03361414697513,0.9770317378723397,1.001987889104188,0.8992516648505621,0.8000533124780285,0.8164616380602882,0.768511967059998,0.7498905306884829,0.6497163590643058,0.7403388735250238,0.7127318159095901,0.7189989445176252,0.6647359154349941,0.510991022274537
0.6888144409997683,0.2392629889732256,16.0,0.74,0.85,0.0,7513.0,1.76699913738291,1.656481906107104,1.17962119269032,1.4697563702307208,1.5222951544776833,1.1405395726948042,1.0593551755808548,1.0355093099001134,1.0318929296131647,1.0233818402463997,0.981091990577175,0.9653807300074545,0.9457611556978105,0.785832886976198,0.8068369652276478,0.8249879866780577,0.7648872489227525,0.7603697047694946,0.7557207738218129,0.6947812468159765,0.6525040927844789,0.6578298062227899,0.6518872047960096,0.6406342844978004,0.577768833302896,0.5914550811547554
0.6888144409997683,0.2392629889732256,16.0,0.74,0.85,0.0,7513.0,1.4411731510439734,1.362755181534593,1.2603380367392298,1.2110012210741585,1.2330945513736404,1.2557294506999004,1.1354208569795632,1.0147991434268215,0.991319122629613,1.0192926060656735,0.8938280340303286,0.9597441001299405,0.9635176497449056,0.8475357128476603,0.7695809571067366,0.7214509373769223,0.7165019308102473,0.6607292463968579,0.6364649983554755,0.645545917484937,0.49281746051447345,0.4648545557963687,0.36596022193850036,0.3809582052596399,0.4133597699296201,0.4738262251442874
0.6888144409997683,0.2392629889732256,16.0,0.69,0.79,0.0,7513.0,2.416209510527246,1.3248884884927028,1.1359648757528882,0.7163912072664466,0.6666359388723517,0.8657079281821122,0.8071695646704935,0.9656348436946477,1.135098082100774,0.9201241700079078,0.9971929747460387,0.9385060276818212,1.0034001481676948,1.0628242020237866,1.2475405594240296,1.056443477578408,0.9976029325134232,0.8299798082299801,0.8310083444456291,0.7983039135851467,0.7625545839704596,0.755956737168631,0.7163321038990723,0.7023943411845974,0.5486701121068426,0.5371221328654725
0.6888144409997683,0.2392629889732256,16.0,0.69,0.79,0.0,7513.0,1.3992208880698973,0.9510564121569537,1.01822817443234,1.2641765932234468,1.4305993530086705,1.1601265788974677,1.0249702630590634,1.0945229462129697,1.023789374391843,0.9739743040662099,1.004188727021173,0.9834112929252863,0.8675875169331331,0.8243561907943817,0.7104190081053382,0.8148992515292971,0.7418705083994903,0.6659716892653311,0.7290405383189142,0.6533005792374743,0.580577185879663,0.4922607477023538,0.6189399685608623,0.5927718378083205,0.5935597014376484,0.5438748407905531
0.6888144409997683,0.2392629889732256,16.0,0.69,0.79,0.0,7513.0,0.9026555804028042,0.7441403466278356,0.6613522917553292,1.7378432037633715,1.489937433207994,0.05504310527089556,0.05504310527089556,-4.818068855421372e-16,-4.818068855421372e-16,0.2936128070937208,1.8206743992102343,2.683244747954996,0.5810365970818553,1.169502943785531,1.4343171538222128,1.8897462782734458,1.5827756370281991,1.79315178531957,1.1983143743740112,1.159960215207623,1.1344547852691624,1.0651968538606433,0.9879758181309002,1.1529834642581014,1.1978887245114975,1.073469497621118
0.6888144409997683,0.2392629889732256,16.0,0.69,0.79,0.0,7513.0,1.668003279350622,1.769501276280576,1.2601857674009482,1.378499958126995,1.1129778879720313,1.1876875430855307,1.3759914442316723,1.2353771221630143,1.0334054658777574,1.0740414673445853,1.0174157524452594,0.9021793867699974,0.8920148650622596,0.9774621409442262,0.8660330719937247,0.7703990290138445,0.8549318785169575,0.743872806086413,0.7044411928029619,0.6689399465160637,0.6267966412999588,0.6037268656873367,0.5276469342752933,0.5275108560384134,0.544651980112143,0.501130714176137
0.6888144409997683,0.2392629889732256,16.0,0.69,0.79,0.0,7513.0,2.0539829338028603,1.1753878691898645,0.6598301640448672,1.0081264892851076,0.9227287153756218,0.952947812036029,1.1470277664229704,1.2738131238386097,1.1462590698417745,1.200732872778718,1.1115548069578987,1.121564882983398,1.336858873166237,1.0290535548729043,0.9596829957182705,0.9107334383378427,0.8712288508441398,0.7418873812909441,0.8170735575034458,0.8100148409689952,0.7791207692969063,0.7074685944998585,0.6398702709503316,0.6903675964463487,0.6234280591358439,0.5604755372551633
0.6888144409997683,0.2392629889732256,16.0,0.69,0.79,0.0,7513.0,1.7704894005487553,0.9248799895224659,1.3737403725130088,1.2261800494543773,1.3732951581119548,1.224198319753199,1.1502291519947654,1.0580362091671802,1.1234686185318778,0.9726191898901319,0.833458725385831,0.861899617367973,0.8367958751072235,0.8505939202911441,0.7189293215682452,0.623394062056634,0.6062801273207861,0.6630642904995606,0.612387612300196,0.6324542268044069,0.6352459623210922,0.5385856341628427,0.45406748552118614,0.3981729029269888,0.4491793053307693,0.6140512479613918
0.6888144409997683,0.2392629889732256,16.0,0.69,0.79,0.0,7513.0,1.3575414541247597,1.2320010927412874,1.3212680055076156,1.0848220853812236,1.2200632651141288,1.204875587562845,1.209480579688492,1.2225220321391204,1.11046586924012,1.0535164625654536,0.9412010756166457,0.9125681120640278,0.8030058363111894,0.792027688218246,0.780323869449809,0.7006266850403696,0.6046510893084401,0.6678420467483339,0.5959233120328241,0.5431341690704355,0.5100870042794448,0.5131810329309333,0.578811075325159,0.5519026255386279,0.5663357149318915,0.5433487551976
0.6888144409997683,0.2392629889732256,16.0,0.69,0.79,0.0,7513.0,1.3918621469385466,1.0346941536629393,1.6686680401057685,1.134462257604,1.0495510705944144,1.2618820587167816,1.1300635797762597,0.9650780248524973,0.9195693479281016,0.8666352565852748,1.0173989622937638,0.8596412881795619,0.9280487639783295,0.8800985215093229,0.8112276935755454,0.7417051217900257,0.6796125423868731,0.6404020812340584,0.6084759803187451,0.5427940806751916,0.5920855201299816,0.6386173726358108,0.5181049817451924,0.5969314708669999,0.35300641502850066,0.31701305349571857
0.6888144409997683,0.2392629889732256,16.0,0.69,0.79,0.0,7513.0,1.717256346089544,1.5387355314779843,0.9570081542867618,1.0421729125664672,1.3851793079180015,0.9977004018553193,0.8542289287811478,0.8702015520167432,1.1110881639445838,1.095896724642361,1.010825265444733,0.9638144748397414,0.9265033255477227,0.8230198394495871,0.8670695132841065,0.7890355177624252,0.7425321011193002,0.7348913831713872,0.7552614663824113,0.7190474156965193,0.6464615748981599,0.578031732505574,0.5727267284771828,0.5843215865365188,0.49313213949576645,0.5208040518798172
0.6888144409997683,0.2392629889732256,16.0,0.69,0.79,0.0,7513.0,1.1027670223965664,1.183331633127917,0.9349345973183538,0.8334955458623236,1.1044348999990374,1.164635146761188,0.9740474326364708,1.1315217733557852,1.0239673964826095,1.1174528775399848,1.0514539848088633,1.1930762540151512,1.18631646174801,0.9067164506728698,1.0303676140222915,1.044507907635071,0.9494381780439176,0.7951338793697355,0.741900289556448,0.768542908938688,0.7082184163014109,0.6649788430109145,0.703214763534788,0.673186890405397,0.6502160766163539,0.6434402507613047
0.6888144409997683,0.2392629889732256,16.0,0.77,0.86,0.0,7513.0,1.613831395762508,1.0875041834250923,0.2882903869946041,1.0589145829059758,0.8720147804278161,0.6702000279692377,1.070423776444173,1.4622213133628528,1.1672201723019744,0.9203142271958885,1.032664192656046,1.1308063775646737,1.1434090190857167,1.3510200651410513,0.9544618554919674,1.2359574759173524,1.065468336480968,1.0400291003442113,0.9405865467262348,0.9895181812216756,0.9015416981001789,0.8786508935082111,0.7778230311995891,0.7406026344467912,0.7238556476011578,0.6691785180268178
0.6888144409997683,0.2392629889732256,16.0,0.77,0.86,0.0,7513.0,0.8135812469507469,1.008782277291208,0.5373506102596853,0.6558703807332552,1.3607668440433154,1.3453454143979586,1.2489021394870587,1.3499101519209287,1.2434345976240486,1.0056345307797614,1.1503582535854877,0.9755377650988317,1.1891888915835762,0.9815152568552359,1.019195757258412,0.9820565798970293,1.0042841736267025,0.9535671336265217,0.9272838504516211,0.9047834813175428,0.8346170014937369,0.7924323892103027,0.7579922993984153,0.6622802937270386,0.6963872844575707,0.6184296152680527
0.6888144409997683,0.2392629889732256,16.0,0.77,0.86,0.0,7513.0,1.3523884704673679,1.3085833465632086,1.0903573945899718,1.1133270517024139,1.4839534962822716,1.4162098349486012,0.820369844060286,1.173169487589978,0.7991362155245136,1.2402817768537944,1.3474623294419423,1.1186256369947605,1.020591204003737,1.0702906505439842,0.9594641669496213,0.9698635090622123,0.872157050798852,0.8606665894464139,0.8633634225039636,0.7198841170113307,0.6690618724432429,0.6985856095305892,0.7388103969707088,0.7599193223850812,0.5654329126687959,0.5640530226410684
0.6888144409997683,0.2392629889732256,16.0,0.77,0.86,0.0,7513.0,1.0830574510155486,0.8203615917120909,0.4580081846250014,1.038570039163397,0.779374695991395,1.512020047213388,1.4987104503609898,1.0225356935980097,1.1340607906698041,0.9874791017637895,1.0021634071776173,0.9227185892693593,0.9962101554311813,1.0124430623700889,0.9881764017930192,0.8979891588629357,0.8059737467751839,0.7825461620448633,0.7791041315913939,0.672413508707093,0.5874491854376445,0.6315314601105871,0.5251712642039125,0.5133289601909836,0.6030074880435046,0.5192072386589821
0.6888144409997683,0.2392629889732256,16.0,0.77,0.86,0.0,7513.0,2.1059391043944515,0.9073167302303605,0.6889280514089947,1.0837905022314664,1.4983284877500684,1.124073723373672,0.9170205816909704,0.7183233485496149,1.066507981902412,1.2549843876385152,1.168762889655195,1.1053605546606984,1.0594148188390173,1.0417715978006037,0.9516138569900743,0.898181785863864,0.7926378974228074,0.8935535275001555,0.8216291542141654,0.851872709644798,0.8075925931212914,0.7212108615735823,0.70124498513999,0.6563279045329521,0.7214387738609107,0.8071647841666567
0.6888144409997683,0.2392629889732256,16.0,0.77,0.86,0.0,7513.0,2.6881960152790265,1.6362611972734888,1.5206348672657295,1.188767930499461,1.3124756043572676,1.2217446791044875,1.1306574416474353,1.0609077668466187,0.9578466529387305,0.9641388835932743,0.9685794038855017,0.9238058734409447,0.9009912039396104,0.8516344463387227,0.7899556581837235,0.66901259844844,0.6494998484796578,0.6114141973069185,0.5329830694494032,0.5684824577801565,0.6535171601580251,0.5724958899826822,0.6724064798435415,0.6003883380497722,0.621716111026094,0.5799726458435052
0.6888144409997683,0.2392629889732256,16.0,0.77,0.86,0.0,7513.0,1.6745890818149045,1.0987223700087598,0.6680568735076515,1.5557269657385986,1.2873630878566165,1.3507234830292796,1.124904168797327,1.3070535765193583,1.2138018390757674,1.080621355958813,0.9937509400397788,1.0626202354286194,0.991317523435921,0.8440931538573013,0.8660264926866065,0.7654006107663726,0.7012323289492841,0.8416614390838957,0.7895717852789743,0.6982296827134944,0.6852094586464622,0.7229687412902566,0.6487961347681179,0.5940833776764729,0.5130339143533381,0.5420389628649986
0.6888144409997683,0.2392629889732256,16.0,0.77,0.86,0.0,7513.0,1.620697245343439,1.215638985506926,1.3558391600443256,1.2231030773163818,1.2476238897197178,1.0220085015290281,0.9531933876324515,1.2061597846646732,0.9053068199875518,0.8631221876337577,0.9352409882098741,0.9482204472059667,1.030751793929351,0.9783040014756438,0.9100357679884438,0.9533985855434829,0.9093070377413212,0.8588587698896673,0.8587623389544788,0.8775017569142494,0.8611156209492534,0.763330968483718,0.6689611287182368,0.6432472466624065,0.5535493195930734,0.5867102691313749
0.6888144409997683,0.2392629889732256,16.0,0.77,0.86,0.0,7513.0,1.0626075754624005,1.034847174532982,1.1968793484289972,0.9037417856490552,1.5444682886302588,1.5416657602079933,1.1682561018798583,1.1178721174388984,1.1081765899830334,0.9834580512966647,0.9212766761560034,0.9644428621295309,0.8858981478674471,0.7985594466568376,0.7970172905132965,0.7629146147189787,0.6539845575436902,0.6033615233360926,0.6408882608419973,0.5906047684519803,0.6413114393808726,0.5749120617171548,0.4988962634178526,0.39154687645274083,0.4594954418856188,0.5995866741948515
0.6888144409997683,0.2392629889732256,16.0,0.77,0.86,0.0,7513.0,1.7081386464904365,1.10960644678352,1.2134804060634157,1.7976314064985868,1.432849952341053,1.1492613925883979,1.1675001051507379,1.108855667925601,1.0675088483862432,0.9665630592881815,0.9603247427335306,0.8574818776714647,0.8362981926889591,0.8588762010917028,0.8617016376820046,0.76379230495396,0.7519927300110844,0.6833315324385416,0.7563426760791502,0.6495578183680437,0.6340459419606785,0.5491051581248483,0.650878031470055,0.5787219338378701,0.5765473588671163,0.6444966751270867
0.6888144409997683,0.2392629889732256,16.0,0.8,0.8,0.0,7513.0,1.814200026037652,1.2454125643603149,1.2180467118237583,1.2419582273213714,1.1011444440440754,0.9670690342791364,1.3610711056167304,1.1857039070446762,1.1651965982048058,0.9644848253563233,0.9724242061935483,0.9784729219716446,0.965431358155806,0.7893328055935634,0.775242816975465,0.7816847899458421,0.676613631530047,0.6420947837357486,0.6315198464964829,0.6292144022531991,0.5380331626840675,0.5499630779986402,0.6875934169260106,0.5515191000553499,0.551537132526299,0.4993471900825736
0.6888144409997683,0.2392629889732256,16.0,0.8,0.8,0.0,7513.0,1.4826240665329107,1.21618797019769,1.728007848276272,1.0701186649760603,1.1124800981856917,1.1550720987464393,0.8828114501242322,0.8420724701132138,1.2118489295396377,1.0901368011830606,0.8844814568269753,1.1551599186333659,1.0563075911183004,1.077266433822712,1.0768008465014298,0.9503402422011394,0.9967747939346495,0.9329874173151653,0.8927546356108016,0.882556728593884,0.8374919921383419,0.8291050774464213,0.6446085306615341,0.6539866693328352,0.7011150887692658,0.6413862964204672
0.6888144409997683,0.2392629889732256,16.0,0.8,0.8,0.0,7513.0,1.6660152658852334,0.8647063956964495,1.2875432346890978,1.3850673977063217,1.3330840077430208,0.94537342413293,1.2512858338501622,0.9468166173852698,1.0732648464969057,1.0338686024084707,1.152054001690678,1.0375377492783935,1.0021475570653402,0.9432701361066217,0.8684812154228421,0.7834437458819955,0.7127749077729013,0.716494582735899,0.6804235021425216,0.6943625891607965,0.6595644675545145,0.679065639643127,0.5592221424384609,0.5821565967133515,0.5611446598545503,0.6223587650845336
0.6888144409997683,0.2392629889732256,16.0,0.8,0.8,0.0,7513.0,2.0100433287094814,0.9099645555576413,1.2386365548255458,1.4308060534221656,1.2318387039821228,0.9154278340466953,1.0906297766089352,0.9681811143413398,0.9356990220249451,1.0081577964333104,0.9116035623769111,0.9422375978293376,0.8703268610531375,0.9313650502114088,0.8319045136154976,0.8172378222992639,0.7150404692725242,0.6509640680417151,0.73436537021322,0.6557970332309002,0.7332978805368594,0.6877897142728367,0.6207418260650672,0.5692632244852778,0.5702486577324479,0.516866827187249
0.6888144409997683,0.2392629889732256,16.0,0.8,0.8,0.0,7513.0,1.5776554203910393,1.047626620579814,1.734065887263192,1.3453403954221224,1.0627481140541957,0.8103364812417707,1.0312116024384423,0.8174646647064318,0.9550362242490998,1.0113705954656311,1.0595242151582214,1.1396310866471908,0.9515133662647243,0.9786407439916452,0.8499951150730151,0.898100189239031,0.8442801395538276,0.8527434658697144,0.7812363781757402,0.7398436735174715,0.70466524325409,0.5962524661815425,0.6822055514123606,0.6621311608167527,0.5875903303063138,0.536978431030266
0.6888144409997683,0.2392629889732256,16.0,0.8,0.8,0.0,7513.0,1.232256715793918,0.8054060756696765,0.6497051271158141,0.7894206115240985,0.9056591103151175,1.2360352076123142,1.2439719837605276,1.4951268049148696,1.422635574408461,1.0763058320294692,1.3015145075629,1.260446326818485,0.9053740207361612,0.9265353562033243,0.9883673224317261,0.9044812391652013,0.8511625515012007,0.8999218434340509,0.9248132228360857,0.8830133571968145,0.7744586975432821,0.8576881072617724,0.7450615466867948,0.7948515089551769,0.7321291358057272,0.7786692098128926
0.6888144409997683,0.2392629889732256,16.0,0.8,0.8,0.0,7513.0,1.3000568451646883,0.8796320002947497,1.227889748335051,2.241842369751526,1.7008528112410792,1.054495954160136,0.7327801537412877,1.045873283392934,1.1555573037186437,0.9203333263005312,0.99015482361401,1.1680828751190897,1.1254883465096543,1.0471410558586773,1.0949740609115544,1.1771951542531507,1.231860344968728,0.9595891143922696,0.8301314901817854,0.7367512620825791,0.8654652541160631,0.8113641401210421,0.7989080681026121,0.7206832040925236,0.682907378827213,0.6069881947503062
0.6888144409997683,0.2392629889732256,16.0,0.8,0.8,0.0,7513.0,1.7265272196055466,1.384083240397019,1.0109889186363983,0.77852370344779,0.9316718423548411,1.2843678405106285,0.8531460451270941,0.6774166020130554,0.8372021694843738,0.9965395405963018,0.9876253017204766,1.105092838826861,0.9643160975696319,0.8893938604001004,0.9857398172487657,1.0486100112938594,1.0447902721694164,0.9141676506544305,0.9683184928331449,0.8451994569719181,0.7669391552974458,0.747388738093906,0.6875050405034588,0.7412598383342907,0.6664285910946072,0.6609965202188468
0.6888144409997683,0.2392629889732256,16.0,0.8,0.8,0.0,7513.0,1.8148631792105505,1.115835582888052,1.7354831207673773,1.3469723991262945,1.1185438164441204,1.4577509629271532,1.2497024437355995,0.9765925752482896,1.0533578739882743,1.0878108701914395,1.1018131833855145,0.8726125428119915,0.9103018693749229,0.8717267881141286,0.8986099555145857,0.915163146938131,0.7780876762988694,0.7532041098898445,0.7931281438021771,0.8207254452450866,0.8097034184829978,0.7938928740665671,0.711615389594286,0.6440974921684882,0.6117623801877875,0.5997463874715114
0.6888144409997683,0.2392629889732256,16.0,0.8,0.8,0.0,7513.0,1.0831191392124717,0.8864953101190294,1.0935945374335363,1.1925243450931022,1.0996944342889103,0.7999228129871551,0.8715688692032658,1.1168825281780355,1.081765716532652,1.1406183538566368,1.100810656318511,1.0269091283576437,0.9987170771769766,1.0242033183815165,1.0489553026826774,1.023990030385205,0.8991273542410935,0.839922399415925,0.7159118961537295,0.7476415053344391,0.719762310750725,0.657390607656789,0.606102158513,0.5111155105403571,0.5685482431036089,0.5608064766341341
0.6888144409997683,0.2392629889732256,16.0,0.69,0.83,0.0,7513.0,1.1840754246601632,1.1303887172216585,2.1093367629644315,1.6486640008178632,1.3896918721154983,1.3860915797513746,0.9960107916325516,0.8323953934336665,0.9640801941063577,1.0421987659817484,1.1379894228286995,1.1098093432935923,1.2489192589010578,1.088772524931336,1.024159866153029,1.0224069429313947,0.9136542828284302,0.9415487047848472,0.8519150184566564,0.8182163835382575,0.7253235475497302,0.7997079920793496,0.6878515838797129,0.6688889379075943,0.5582121322712846,0.5194934430249457
0.6888144409997683,0.2392629889732256,16.0,0.69,0.83,0.0,7513.0,1.238408813305018,1.030303854306312,0.7572579429726274,1.1658404673704534,1.4976540161263756,1.307964897619947,1.2864121603851328,1.1602280497079918,0.8997249082200802,1.2143147915119032,1.0384253247361206,1.0094953741851915,1.1057190207046785,1.1188992787133003,0.9224970486836321,0.941224761488365,0.9062395031830353,0.8274024700161476,0.8708607989988525,0.784139028774219,0.726830558411375,0.6710941923705743,0.6101751581034848,0.5949335124641963,0.5867938035297346,0.540296778821225
0.6888144409997683,0.2392629889732256,16.0,0.69,0.83,0.0,7513.0,1.4302287043414812,1.453496714998508,1.1266311640540838,1.4824366742702098,0.85999446298929,0.7956012735678268,0.7703316653424769,0.7014689392903629,0.9077114161315283,1.1223101062344534,1.2347274630753884,1.0558652567210305,0.984668532471575,0.9585561297576627,0.9661899811650009,1.1756402949791684,1.0395290011145815,0.9196696395669726,0.9011203632138143,0.8554409236996945,0.817192797231659,0.7902204020588942,0.7629210645781157,0.6806261027219971,0.6491342166479274,0.5877684809598693
0.6888144409997683,0.2392629889732256,16.0,0.69,0.83,0.0,7513.0,1.2517826699838546,0.8996777944262756,0.896986301144619,1.536731454457603,0.7688797448116238,1.0570601333296945,0.8260334230605928,0.9373820139185243,1.399003435995203,1.0549766253554236,1.1085686506385577,1.1815950072955288,1.1232320017677009,1.19228854482463,1.019899248883066,0.8901381351911751,0.8755162259935975,0.7753534874586548,0.7594229070919088,0.7434211723791782,0.7095983679605029,0.653883547987999,0.6063142436512506,0.5663907652708613,0.6167801689594413,0.5990370459212874
0.6888144409997683,0.2392629889732256,16.0,0.69,0.83,0.0,7513.0,1.9633276708322043,1.2391618503557744,1.195660455790453,0.8132481112029727,0.5428323741385519,1.7554917647061132,1.272226667112263,1.4318942702677722,1.135503722605874,1.1815219114949733,1.0137080509210799,1.0347588280472326,1.019075682734808,0.9469190703080009,1.1245323173605202,1.0678798358215538,0.8388268096067882,0.8203284965417702,0.8178861058831342,0.7221641787652112,0.7046137130909645,0.7341578681379999,0.7005334636905977,0.6555536168952304,0.6488816922690328,0.5068077323607065
0.6888144409997683,0.2392629889732256,16.0,0.69,0.83,0.0,7513.0,2.5935397450989743,1.9353987139415738,1.41489110158718,0.9888270567500288,1.1212916180278178,1.0415082508397644,1.045493505248504,1.1463888248899918,1.1776714537942097,0.960773137428117,0.9238737781735689,0.9679218152734589,0.9685212643719651,0.9771795480877078,0.8721545342121616,0.7842888585744391,0.7597133011689082,0.8192452376065931,0.7767750122191135,0.8048261335211931,0.6774987997010394,0.6846775609972658,0.6743241126937913,0.5548022322361671,0.5756302073299735,0.6296794455122604
0.6888144409997683,0.2392629889732256,16.0,0.69,0.83,0.0,7513.0,1.4233589300022977,1.2992299226464579,0.683422987259335,0.5831457434082815,0.9250169620033634,0.6896549607373405,1.3248328008228212,1.3287160729136378,1.1910790463524834,1.7103024742498494,1.6015166473846982,1.3253218449770205,1.0817260480277215,1.109563041265076,1.0232646809718906,0.9156009354671085,0.8709837170379416,0.8189521041631159,0.9018060815912617,0.8685593483470708,0.8116171901043787,0.7548502666867957,0.7136721082543742,0.5906470099506332,0.5567221099560902,0.4722253545573056
0.6888144409997683,0.2392629889732256,16.0,0.69,0.83,0.0,7513.0,1.2664138887582201,1.1594242525281713,1.5872777002665759,1.3655549117357886,0.9838536996897689,1.117704007163057,1.2012722264881266,0.9819779530100852,1.104155267160348,1.0908164371135258,1.0865901482584968,1.0724907963187924,0.9778330865379045,0.9712081817579626,1.0101118907633306,0.8647838679148685,0.8539375630180023,0.8322544571917182,0.8304499132714154,0.8484838142268608,0.7985344998078828,0.7426368877182318,0.6982142577825105,0.6591956992900513,0.6328053689459349,0.5990271243555578
0.6888144409997683,0.2392629889732256,16.0,0.69,0.83,0.0,7513.0,1.6499010637169975,1.1628564968515416,1.5791549941969487,1.27452460199143,1.5100041036911906,1.0802200640946158,0.9207638310279522,0.9250530728460925,1.0158250093427887,1.1170664087032707,1.0039617508798253,0.9836434364583276,0.9091781840096306,0.8814946138403122,0.8720454647931772,0.776288960338944,0.6871056200997749,0.6461116885682343,0.6474012999038192,0.5953914359277862,0.5887229321582583,0.5556851281908035,0.5804473868370826,0.584066916931665,0.6179922416578773,0.6152179487720181
0.6888144409997683,0.2392629889732256,16.0,0.69,0.83,0.0,7513.0,0.793318327381552,0.6175720550819106,0.42155385236803466,0.9192264706934088,1.1636704503739723,0.6491701095440401,1.7552619819864836,1.5607623707556135,0.43230880459709053,0.43222262597170924,0.36970346602313914,1.8342924434541659,1.5726590038037787,1.1084876674579107,0.7485124684666697,0.8309070757957832,1.353371366546033,1.307868218820161,1.236301424109559,1.0630717504419074,1.0162685529861883,1.1514199976593356,1.078198265655702,0.9996488415009527,1.0207777171547057,0.9171829899072595
0.6888144409997683,0.2392629889732256,16.0,0.84,0.84,0.0,7513.0,1.2576462724152264,1.3941038759045807,1.1610398650709475,1.1050559793702137,0.9863208023275598,1.1243634540441656,1.208082470223664,1.3969356882529758,0.9938923710603066,0.8963927340789355,0.8167327758994506,0.8943545080402393,0.9043606668821053,0.8452704866946241,0.8694434423537046,0.8230153106928416,0.7885288602683692,0.7580904637627129,0.678229829455042,0.7412532534933647,0.7449537871314392,0.6739330939941193,0.6234844232366187,0.5969751908555703,0.5801064571820578,0.5906917130744022
0.6888144409997683,0.2392629889732256,16.0,0.84,0.84,0.0,7513.0,1.9044747015746264,1.1860658950806924,1.3267748458535316,1.567097111128173,1.4054994444150672,1.1478277156771608,1.1143870335980566,1.0548298925220774,1.0522837902562483,0.9967065190109488,0.8368233343586168,0.76851907816343,0.7869567983886021,0.8830347036937627,0.796236077003244,0.7882993938814644,0.7997479742533506,0.7874139895675623,0.8188736631040306,0.7655524300159892,0.7010401994997126,0.5764434881958321,0.7117968135896983,0.7682957772073874,0.7941870543018147,0.5817772248735867
0.6888144409997683,0.2392629889732256,16.0,0.84,0.84,0.0,7513.0,1.1301345877013789,0.938177475657117,0.8579655859480265,1.1994704447604796,1.2783698594050439,1.4442716766071941,1.0880274372159138,0.9678158257251158,0.992628669069872,1.0580841019111933,0.9195766573909959,0.8816868276170251,0.8992013194670616,0.8423849900221063,0.8514551987205419,0.8055093146750991,0.79652737981206,0.7910683836710202,0.6438320518826269,0.6438873549956813,0.6984893677024889,0.7305705243022448,0.6539669648614458,0.6985890659723577,0.6015781690386627,0.5678350624567701
0.6888144409997683,0.2392629889732256,16.0,0.84,0.84,0.0,7513.0,1.1304590378180877,1.2771464564267154,1.3939071309799889,1.4547370535685766,1.46009583417445,1.1287880252898475,1.2643493078220516,1.1893504158842518,1.2238877357068638,1.1866444702494787,0.9466961085966391,1.0559759302924956,0.8730698006623487,0.9399384876398925,0.8864229786701455,0.8737389215716805,0.726860104440863,0.6803741423362534,0.6465406428328709,0.5862134059769235,0.6583550085171795,0.6081042615956156,0.6319010751250709,0.6535507722147532,0.603199384553917,0.5651323773341668
0.6888144409997683,0.2392629889732256,16.0,0.84,0.84,0.0,7513.0,2.252750768965643,1.1604646846113045,1.0433233862226297,1.49931473422511,1.1519615344028622,1.0184157767956556,1.4054287070444258,1.4124614413976144,0.948302641406732,1.0320788912550365,1.0435310990178455,1.0119285590577645,1.0174354541000241,0.9158853211218465,0.8721752693063679,0.8537059024459854,0.8563129881794592,0.7941816448625192,0.7871846558031775,0.75757670796818,0.7343421915369823,0.7392943330178389,0.5997087413935345,0.685241201551419,0.6718911619442385,0.6276511615225377
0.6888144409997683,0.2392629889732256,16.0,0.84,0.84,0.0,7513.0,1.5373763719702733,1.7530185647834267,1.603906350914519,1.3322558855519364,1.0744881379195519,1.1688386344600274,1.262501870611334,1.1214040630865652,1.2222911018882308,1.2395199428252195,1.2489339095696181,1.185882835567904,0.9502846662770211,0.929002114627578,0.9216079778361653,0.811419086028249,0.835969430841676,0.6932730907513015,0.7948291195303927,0.8111431295931554,0.7826889118255904,0.7069674205820333,0.6366266163400683,0.6975141569829317,0.6103352688181191,0.7144682684722019
0.6888144409997683,0.2392629889732256,16.0,0.84,0.84,0.0,7513.0,1.7389358516940316,1.1829363527933683,0.9366690093009913,1.3709865683576297,1.5860237202721408,1.141642223130242,1.0666385367440772,1.0632161515455936,0.9301184246982059,0.997218740511607,1.030503691192585,1.112847673896334,1.006155625999886,0.9561805662876145,0.8859823580280392,0.7843234349898202,0.7015546706025276,0.67116254877896,0.6445304163991569,0.640984947931946,0.6262013377150267,0.5652767625635288,0.5345693576359473,0.5318503331455512,0.6017554296411278,0.704875470962432
0.6888144409997683,0.2392629889732256,16.0,0.84,0.84,0.0,7513.0,0.9626824967636478,0.6509528768425166,1.2753010965359957,1.1151213620775238,1.587412993781132,1.5061464352306084,1.0232526008616392,1.0089674795098968,1.0479290243999702,1.1046156965643605,1.038820182274752,0.9346725028618404,0.8619312915537104,0.8987689705126076,0.909325753332854,0.8753995777800757,0.7480495606570255,0.7327283269700428,0.7327172299744437,0.6567704072772147,0.6609836323663916,0.6336894538019969,0.5880701352678799,0.6301284192231756,0.584773223064022,0.54256552171229
0.6888144409997683,0.2392629889732256,16.0,0.84,0.84,0.0,7513.0,1.136676770618507,0.9522886356258332,0.9680363609546632,1.4547044326051415,1.151862215229928,1.3125105365712018,1.2635797296449356,1.0632105883547356,1.0859055470426555,0.9042385552377128,0.9344087939597236,0.7819208551458957,0.9514209091826674,0.9544715233781622,0.967595703657053,0.8591237769646664,0.8229081735917052,0.8394671161653147,0.8250521243199499,0.7394000540179372,0.7026606562086134,0.634520919557441,0.6412942647713649,0.6355234837484565,0.6274794066911864,0.6483564332555782
0.6888144409997683,0.2392629889732256,16.0,0.84,0.84,0.0,7513.0,1.2235531973786105,0.8857601459996424,1.4749286547391693,0.8484525874043449,1.1119426001510546,1.342510273027727,1.1143831646313382,1.32957238507599,1.1138585554021059,1.0004533626711267,1.1775392301179206,1.0481966156830103,0.9894464740029211,0.9358608236715129,0.8684252849995111,0.7618709692055103,0.8236376961284065,0.7034751407688726,0.7076184461632006,0.7547430719643788,0.6739324740288154,0.6950992130737137,0.6910102198678282,0.6672438520426669,0.5966257413065396,0.7126112624272853
