inf_prob,diag_prob,i0,vaccine_efficacy1,vaccine_efficacy2,infection_efficacy,replacement_percentage,permutation_percentage,0,1,2,3,4,5,6,7,8,9,10,11,12,13,14,15,16,17,18,19,20,21,22,23,24,25
0.6683582822238961,0.2462278933871247,11.0,0.65,0.75,0.89,0.0,0.1,0.6460802022165404,0.6122446620873055,0.19811294305523725,0.23388366881832995,0.11004210606976973,0.0,0.0,0.0,0.0,0.0,0.0,0.0,0.0,0.0,0.0,0.0,0.0,0.0,0.0,0.0,0.0,0.0,0.0,0.0,0.0,0.0
0.6683582822238961,0.2462278933871247,11.0,0.65,0.75,0.89,0.0,0.2,0.8539608602703008,0.9214670736416508,0.47082220173175354,-3.722879739167693e-16,1.4370939732233543,0.6948031770282578,0.2303903939327212,0.2886925895837971,0.2389281132239934,0.7022904635395444,0.39426671297408256,0.6457876206225823,0.029824708035957624,0.4773745106667511,0.0,0.0,0.0,0.0,0.0,0.0,0.0,0.0,0.0,0.0,0.0,0.0
0.6683582822238961,0.2462278933871247,11.0,0.65,0.75,0.89,0.0,0.3,1.603480369912598,1.2480697238396294,0.8971557902691104,0.560157645452777,0.1606704042070063,0.7084725504837451,0.5100397429334715,0.7297084214366298,1.3131490268641848,0.786213565749546,0.2133530528864685,0.516106862749423,0.8618473726673683,0.2806082763600307,0.5832392084437207,0.3836293670640272,0.5251759232832668,0.42812664729484523,0.2300011377734979,0.17093261675376195,0.16907384893033406,0.0,0.0,0.0,0.0,0.0
0.6683582822238961,0.2462278933871247,11.0,0.65,0.75,0.89,0.0,0.4,1.0085323711502665,0.8770327028822684,0.50302795713449,0.10619435690265058,0.2634146272283811,0.47810261948159316,0.32442610580714437,0.3551277924344431,0.09102424845318184,0.8349838586464697,0.1137645417334729,0.1137645417334729,3.504685110746169e-16,3.504685110746169e-16,0.13651315528973185,0.0,0.0,0.0,0.0,0.0,0.0,0.0,0.0,0.0,0.0,0.0
0.6683582822238961,0.2462278933871247,11.0,0.65,0.75,0.89,0.0,0.5,0.9175322678210261,0.8782559296765289,1.033922199740115,1.2628306171131094,0.07198688623019107,-3.964304775563258e-16,0.14396630284211576,0.14396630284211576,0.0,0.0,0.0,0.0,0.0,0.0,0.0,0.0,0.0,0.0,0.0,0.0,0.0,0.0,0.0,0.0,0.0,0.0
0.6683582822238961,0.2462278933871247,11.0,0.65,0.75,0.89,0.0,0.6,1.0698482236592577,0.9040075818923333,1.2830595922439838,0.7022448144608163,0.10155074597369355,0.5231835295062223,0.7413093633029488,1.354313620706652,0.1522522614330996,0.19018032707984525,1.048364904290952,1.0364698742521106,1.1813406224934695,6.062383680692886e-16,0.0,0.0,0.0,0.0,0.0,0.0,0.0,0.0,0.0,0.0,0.0,0.0
0.6683582822238961,0.2462278933871247,11.0,0.65,0.75,0.89,0.0,0.7,1.8100008372651415,1.1632877410457654,0.9863782398008172,0.7665346202100937,1.0153222945806117,0.8729289657451613,0.6129009086182096,0.8125929049527326,0.9249412866842236,0.8162186401680839,0.9822156023268598,0.8624027864530565,0.5992460517137749,0.9546352457934226,0.8674236567587261,0.8882471802136662,0.7670772257075046,0.7119465114796084,0.46584353469124096,0.6789546511206349,0.7251403061484832,0.6573073068900565,0.5765251406512331,0.4480935276019341,0.6270920945264061,0.805098616381854
0.6683582822238961,0.2462278933871247,11.0,0.65,0.75,0.89,0.0,0.8,0.7616494228360622,0.6029787998710612,0.3270540316129191,0.29071860953886836,0.6544480424531663,2.138480922521704,1.5554532629712208,1.3326698270826787,1.8896984894843318,1.0903804596898639,0.538274998259968,0.724484403952942,0.9326757962430228,0.8624100943273556,0.8867091624886284,0.8301518533921005,0.7140378247770368,0.6798346452688859,0.5715193848478636,0.43112004310350105,0.5516932881621719,0.8251026937010182,0.667165700818701,0.8355326950523552,0.700755638996507,0.7306649945664497
0.6683582822238961,0.2462278933871247,11.0,0.65,0.75,0.89,0.0,0.9,1.4028888277305178,0.6609288738270683,0.8774366537433731,0.6818203885815602,0.5981312444609683,1.1040923512350007,0.9907557552144729,0.7420952960062662,0.9881474930247396,0.885952244198458,0.4101144753849334,0.5163590323373329,0.8168441896898537,0.7776602561416331,1.0806939247098777,1.1467390275668714,1.5351445205434748,1.1784896309175186,0.893425993818856,1.2370322785287864,0.7766145803720412,0.5363781330427861,0.9372199955264281,0.7621051936505171,0.8369068267205667,0.9586782159847012
0.6683582822238961,0.2462278933871247,11.0,0.65,0.75,0.89,0.0,1.0,1.220478514774211,0.9075614327689545,0.8425125496075109,0.6200604746643479,0.6759256381570299,1.1140639458814752,1.0599986604781422,1.8928704156624552,1.502322174466642,1.4044610352537035,1.4041250972655108,1.1159104552184516,0.9357988593068213,1.0017378665446457,0.8792581724959282,0.8712010876085932,0.8652286843230629,0.781758128566071,0.7273370360264952,0.8576082972023462,0.7887269629817796,0.7488025999479347,0.6573668879562625,0.6758585462607789,0.7816511304924092,0.6575898581189228
0.6683582822238961,0.2462278933871247,11.0,0.65,0.77,0.98,0.0,0.1,0.7183031683559649,0.48211368765656654,0.8615827745929018,0.21702691233974533,0.46759825090584495,0.3982332074815897,0.12096728881054947,0.05122069696975076,0.0,0.0,0.0,0.0,0.0,0.0,0.0,0.0,0.0,0.0,0.0,0.0,0.0,0.0,0.0,0.0,0.0,0.0
0.6683582822238961,0.2462278933871247,11.0,0.65,0.77,0.98,0.0,0.2,0.5931177895535225,0.33739728174165473,0.278729705429713,0.21721262987580303,2.922333214115453,1.7936941730346894,0.9053687961621661,0.6862501885311909,0.6862501885311909,0.11412733887900267,0.11411502535172757,0.11411502535172757,0.0,0.0,0.0,0.0,0.0,0.0,0.0,0.0,0.0,0.0,0.0,0.0,0.0,0.0
0.6683582822238961,0.2462278933871247,11.0,0.65,0.77,0.98,0.0,0.3,0.8181894707459246,0.7294412820370022,0.45685618796717953,0.2461828982704152,0.1969121186739058,0.24614014834238224,0.08201170939759318,0.5539597723945501,0.6418347585342856,0.3999384940311959,0.5690857449420418,0.621793838568779,0.7204679891318105,0.07891466932483215,0.08593032283929372,0.42986075807885327,0.7983492465821317,0.7983492465821317,0.0,0.0,0.0,0.0,0.0,0.0,0.0,0.0
0.6683582822238961,0.2462278933871247,11.0,0.65,0.77,0.98,0.0,0.4,1.03320072504153,0.9250983640144088,0.660800652473505,0.28048741376796665,0.2638889134788153,1.0234108713154708,2.4878687596324056,1.8055599674482563,1.0126849462345133,2.5025951062608847e-16,0.03294363825418416,0.13178497061531827,0.0,0.0,0.0,0.0,0.0,0.0,0.0,0.0,0.0,0.0,0.0,0.0,0.0,0.0
0.6683582822238961,0.2462278933871247,11.0,0.65,0.77,0.98,0.0,0.5,1.3382073449643266,1.1041708440015208,0.4760553440552459,0.48765172663039263,0.10443262646341904,0.18560058575226993,0.20881154542094435,2.439822404216035,0.0,0.0,0.0,0.0,0.0,0.0,0.0,0.0,0.0,0.0,0.0,0.0,0.0,0.0,0.0,0.0,0.0,0.0
0.6683582822238961,0.2462278933871247,11.0,0.65,0.77,0.98,0.0,0.6,0.887971309148232,1.127512542106813,0.28289259226708546,1.3421605970178707,1.639987340939347,1.0933118200984284,0.1488384405591963,0.02479743895984703,0.7004433450254414,0.22318277102754447,0.2231827710275448,0.0,0.0,0.0,0.0,0.0,0.0,0.0,0.0,0.0,0.0,0.0,0.0,0.0,0.0,0.0
0.6683582822238961,0.2462278933871247,11.0,0.65,0.77,0.98,0.0,0.7,1.2981413322329884,0.9700010607542786,0.35449777543047034,0.504091504998993,0.3937974360683015,0.157486655137808,0.157486655137808,0.0,0.0,0.0,0.0,0.0,0.0,0.0,0.0,0.0,0.0,0.0,0.0,0.0,0.0,0.0,0.0,0.0,0.0,0.0
0.6683582822238961,0.2462278933871247,11.0,0.65,0.77,0.98,0.0,0.8,1.4877662508528438,1.0401459923958756,0.8411064090510906,0.8292387279704001,0.602546991539257,1.1242750268949948,1.0178334172760735,0.8564973529331102,0.9145220608977342,0.8966337264536862,0.9727904309243882,0.7881368004319075,0.7838649554009508,0.7163432407098443,0.6112060334202035,0.6090619797974736,0.7046715939923935,0.8918774349229553,0.795727944829653,0.37679998468102754,0.6839809359477621,0.6514222752138845,0.7809518322668487,1.0308245677325003,0.8091456079526588,0.7682021291514756
0.6683582822238961,0.2462278933871247,11.0,0.65,0.77,0.98,0.0,0.9,0.9959729808770355,1.1642440339990154,0.74962018994785,0.866243428075181,1.0756438144459095,0.7530815151640593,0.6768542347040115,0.6183581314933734,0.8214165317226381,1.0445067042935945,0.8777162923014352,0.8208917007091711,0.5997990934501563,0.8320483315421944,0.8233272115979439,0.7251477332412435,0.6843133503165574,0.8810149930885085,0.7025949571835762,0.6714569515719867,0.6938381168769224,0.5837270838350657,0.7575479812716398,0.652831717936359,0.6433524858142005,0.5774230393799064
0.6683582822238961,0.2462278933871247,11.0,0.65,0.77,0.98,0.0,1.0,0.6902604026363263,0.7305002671758063,0.5554859744102887,0.6017893864995669,0.6480958988117737,0.555450821580454,0.0,0.0,0.0,0.0,0.0,0.0,0.0,0.0,0.0,0.0,0.0,0.0,0.0,0.0,0.0,0.0,0.0,0.0,0.0,0.0
0.6683582822238961,0.2462278933871247,11.0,0.75,0.75,0.94,0.0,0.1,0.4452878057629702,0.3200441996681835,0.34733438231091324,0.30727717391835896,0.5944801736760311,0.034690673276730914,0.1977960742523887,0.10406349241818348,0.31237414347013237,0.5206826422094348,0.10405422015121302,0.0,0.0,0.0,0.0,0.0,0.0,0.0,0.0,0.0,0.0,0.0,0.0,0.0,0.0,0.0
0.6683582822238961,0.2462278933871247,11.0,0.75,0.75,0.94,0.0,0.2,1.1187838467922484,0.9032945552038092,0.7593665506899993,0.8120135940961274,0.6491993000895766,0.15915996783689962,0.5593640944528641,0.891542264003606,2.7792249495267065e-16,1.378312460596849,1.0682825357395451,1.0606393284552857,0.0,0.0,0.0,0.0,0.0,0.0,0.0,0.0,0.0,0.0,0.0,0.0,0.0,0.0
0.6683582822238961,0.2462278933871247,11.0,0.75,0.75,0.94,0.0,0.3,0.9766531693127689,1.019438645686938,0.5770816545749168,0.3409660550046798,0.6704336980149408,0.8503734292274905,0.6859602884469728,0.8538901738240713,0.7064304807272426,0.7824781082830886,0.9807948347563039,0.8048132454994184,0.924919472270679,0.38173481108507534,0.23450803695118422,0.2855906378211648,0.33549849654909564,0.548673242840895,0.5413202455261711,0.5337445487520193,0.0,0.0,0.0,0.0,0.0,0.0
0.6683582822238961,0.2462278933871247,11.0,0.75,0.75,0.94,0.0,0.4,1.078524546004184,0.8521159423720424,1.4572652427913084,0.6070830336517461,0.5196188021611269,0.6709979880097747,0.779018765148939,0.6285647350074239,0.7783104315663838,0.565949029645887,0.24885015840179323,0.6180363474934801,0.7549067673752284,0.3909644360152521,0.47468815012815996,0.5992631438819963,0.49888590985304776,0.853514079704981,0.11707590626099716,-2.9981885912201085e-16,0.22935586119663312,0.22700054581191972,0.0,0.0,0.0,0.0
0.6683582822238961,0.2462278933871247,11.0,0.75,0.75,0.94,0.0,0.5,0.8637251082236869,0.5784772912704467,0.8147612253347422,0.4249130115634494,0.0,0.0,0.0,0.0,0.0,0.0,0.0,0.0,0.0,0.0,0.0,0.0,0.0,0.0,0.0,0.0,0.0,0.0,0.0,0.0,0.0,0.0
0.6683582822238961,0.2462278933871247,11.0,0.75,0.75,0.94,0.0,0.6,1.4165295266756692,0.7386307439446703,1.0076803678441788,0.7140736309844888,0.6504674704847608,1.1260695983333722,0.6157854160117457,0.8839294051687033,1.080592949168514,0.8672729846244769,0.3621241258950977,0.9085343590007869,0.7849734875594941,0.24921144225588132,0.20105988148893586,0.7954111325467,0.8359011412798139,1.4110547769653758,0.524272428887633,0.6395307706769083,0.9025326847173335,0.8278020829138083,0.3693311170957108,0.49161395675620917,0.0,0.0
0.6683582822238961,0.2462278933871247,11.0,0.75,0.75,0.94,0.0,0.7,1.1714170423458836,0.5696434253689759,1.0626282572451533,1.1925485242590252,0.8514535553887518,0.8592131201111607,0.9044114499106057,0.758007124396205,0.3831374730582858,0.5063610433063305,1.0155989196099033,1.1291753708548573,1.2309049583884848,1.0507307977480072,0.6314741292075982,0.4421485162753956,0.5408713439131232,0.1782249700647614,0.7524682972109081,1.3379430929293135,2.3433643995790447,-2.455010969528378e-15,0.259250147360095,0.0,0.0,0.0
0.6683582822238961,0.2462278933871247,11.0,0.75,0.75,0.94,0.0,0.8,1.0846353217681128,0.7612208265943737,0.9232004308369294,0.9294307415255523,0.8418421173289106,0.7308115755581468,0.5338225481450912,0.3592287440953011,0.9572333813011267,0.8211307601227467,0.5175730734984687,1.1281069047119314,0.6328366423294838,0.7179473164017708,1.0829568373060103,0.9575638307674154,0.869893367089394,0.9313228423812813,0.8707697705116233,1.1077580993151672,1.0345804843997946,1.014057443142325,0.938645814858589,0.8305101139326626,0.428542950373074,0.6610813679235601
0.6683582822238961,0.2462278933871247,11.0,0.75,0.75,0.94,0.0,0.9,1.2898612946386547,1.0834762643424134,1.3362016362258538,1.0395323577576552,0.986502794086744,1.3203052321782216,0.9235906168820577,0.5299787834145491,1.0394519410877527,0.899867308449523,0.6178658395751965,0.5242603323471096,0.5873810812769853,0.7518413956542508,1.076867572859306,0.7197627597957561,0.8935611883808846,0.8516251653459515,0.7718644774792008,0.8761260221249972,0.6416598462704614,0.6211089617478612,0.7075582569511714,0.9210779463967261,0.7743777349490674,0.8473854449300275
0.6683582822238961,0.2462278933871247,11.0,0.75,0.75,0.94,0.0,1.0,2.6612842714367098,1.2755303368197517,1.289724186775162,0.9277497510109927,0.7822802290648027,1.0105968559522216,0.8967114892148716,0.7490730564165549,1.0807396884423504,1.0820497061253638,1.1515225418411963,0.9352399582804063,0.83268265342949,0.7872953964719602,0.7603063452585279,0.6901354633863788,0.8306510484317909,0.8770457656603409,0.7818460725814587,0.7431021554666926,0.7691153021739296,0.8517480547515865,0.8451232493282314,0.8074200817077016,0.7857974401846882,0.6837339656931003
0.6683582822238961,0.2462278933871247,11.0,0.71,0.84,0.92,0.0,0.1,1.0945367408455882,0.8935827867453415,0.3428129646592092,0.36743663369579477,0.40286578522571964,0.33334256776660287,0.21403871530079346,0.13487125161252736,0.08645112309902354,-1.0302698906679286e-15,0.10373793919045786,0.0,0.0,0.0,0.0,0.0,0.0,0.0,0.0,0.0,0.0,0.0,0.0,0.0,0.0,0.0
0.6683582822238961,0.2462278933871247,11.0,0.71,0.84,0.92,0.0,0.2,0.6352188082227097,0.5991919275646209,0.4748890516304767,0.46269401275834604,0.538550392227774,0.47835784522686886,0.09895250098174752,0.4644067670984741,0.7363169511854721,1.1610260602846845,0.05652494676230933,0.24012973775414398,0.14118826879003027,-8.860458819065145e-16,1.5836280948173596,0.08461805076803756,0.18335863570163372,0.1125342772436673,0.0,0.0,0.0,0.0,0.0,0.0,0.0,0.0
0.6683582822238961,0.2462278933871247,11.0,0.71,0.84,0.92,0.0,0.3,0.8708030159915402,0.6565968126709836,0.578050672439089,0.34117953609245605,0.4611302431469803,0.6011548465508797,0.781589069208728,0.781589069208728,0.0,0.0,0.0,0.0,0.0,0.0,0.0,0.0,0.0,0.0,0.0,0.0,0.0,0.0,0.0,0.0,0.0,0.0
0.6683582822238961,0.2462278933871247,11.0,0.71,0.84,0.92,0.0,0.4,0.47506248567425957,0.5008556947057337,0.5954122875076749,0.33068437167518017,0.33068437167518017,0.33068437167518017,0.0,0.0,0.0,0.0,0.0,0.0,0.0,0.0,0.0,0.0,0.0,0.0,0.0,0.0,0.0,0.0,0.0,0.0,0.0,0.0
0.6683582822238961,0.2462278933871247,11.0,0.71,0.84,0.92,0.0,0.5,0.8460229630368026,0.6203436604236069,0.32247918057228364,0.2911055483868683,0.20958422387362985,3.1501452227895563,1.0964452417081771,0.419157105103739,0.06979158360051538,0.13948138874750937,0.0,0.0,0.0,0.0,0.0,0.0,0.0,0.0,0.0,0.0,0.0,0.0,0.0,0.0,0.0,0.0
0.6683582822238961,0.2462278933871247,11.0,0.71,0.84,0.92,0.0,0.6,1.688254349194661,1.4353443137827209,1.0174362344373538,1.0436147363420398,0.9212339922263124,0.6753504807863199,1.0362241099055158,0.989270452467244,1.0501243446816495,0.8015235544839656,0.23364731430887817,0.586656124142112,0.3795956504158696,0.4089874073952506,0.2003462037929271,0.45236493596421257,0.49174461646947126,0.4320113850494659,0.5299615429858576,0.1214822203870001,0.0,0.0,0.0,0.0,0.0,0.0
0.6683582822238961,0.2462278933871247,11.0,0.71,0.84,0.92,0.0,0.7,0.8892856837420133,0.43270958345867166,0.20656706900126293,0.15889739640215023,0.15889739640215023,0.2383582686354106,0.4767165372708212,0.4767165372708212,0.4767165372708212,-4.0304591075350027e-16,-4.0304591075350027e-16,-4.0304591075350027e-16,1.1921389412630274,0.0,0.0,0.0,0.0,0.0,0.0,0.0,0.0,0.0,0.0,0.0,0.0,0.0
0.6683582822238961,0.2462278933871247,11.0,0.71,0.84,0.92,0.0,0.8,1.0087730387041136,0.9632537357279634,0.3750342193749343,0.8170061788417083,0.5080858056717543,0.7161339664927573,0.536351408685745,0.6159079386621185,0.18994629415569161,0.26777346004143504,0.24587857596988297,-1.5053855982392962e-15,-1.4745815245767194e-15,0.3895342034310544,0.38339772437784025,-1.3994588187712879e-15,0.07508358071925697,0.0,0.0,0.0,0.0,0.0,0.0,0.0,0.0,0.0
0.6683582822238961,0.2462278933871247,11.0,0.71,0.84,0.92,0.0,0.9,1.6902718786672308,1.360469680979564,0.6527997045873983,1.246293071213827,1.215041274296591,0.7421477603745595,1.0785448348175903,0.9518509677709333,0.9086770399838849,0.8690719393612214,0.6903351404849862,0.8880347006593038,0.9321080820264273,0.9520132141298443,0.7981730463069797,0.8275566846125334,0.9618855094215788,0.7180562140473559,0.8227989830257505,0.7561208556205148,0.7220919600570789,0.8332073558891545,0.778058391706664,0.7128263910898771,0.6632318681814174,0.8265548569063165
0.6683582822238961,0.2462278933871247,11.0,0.71,0.84,0.92,0.0,1.0,1.705636556894609,1.1065216610746167,1.3669393425977443,1.1108822465810892,1.1130617984311724,1.423429481974468,1.0869090689681131,1.007089882998608,0.9194532444975676,0.798424523624025,1.0143214793956128,0.822848955567951,0.7660304450931841,0.7338724884240542,0.8606345032500924,0.7333664988429449,0.6612319994395047,0.6129923559463446,0.6162254034039976,0.7368502248387697,0.7674542505270189,0.6196990216266451,0.6041523774779828,0.6374770269198815,0.921754663241058,0.7673268371677749
0.6683582822238961,0.2462278933871247,11.0,0.66,0.79,0.81,0.0,0.1,0.8173771360082163,0.5909846536187509,0.44031842491757905,0.09282619836791932,0.00951740559321401,0.08566340659689399,0.50017781725489,0.19989223761037306,0.0,0.0,0.0,0.0,0.0,0.0,0.0,0.0,0.0,0.0,0.0,0.0,0.0,0.0,0.0,0.0,0.0,0.0
0.6683582822238961,0.2462278933871247,11.0,0.66,0.79,0.81,0.0,0.2,0.8370545107621996,0.3512823690456756,0.7209646920374767,0.7069625792371654,1.1377217482952122,0.8380003078946389,0.57791278062924,0.6692073002411659,0.6692073002411659,0.0,0.0,0.0,0.0,0.0,0.0,0.0,0.0,0.0,0.0,0.0,0.0,0.0,0.0,0.0,0.0,0.0
0.6683582822238961,0.2462278933871247,11.0,0.66,0.79,0.81,0.0,0.3,0.6486831326769045,0.8080603932298149,0.6490875943340915,0.2883597803388073,0.2808638779402229,0.08095148758594113,0.021584324924307313,-5.0939337220567044e-17,0.8102137697881969,0.8102137697881969,0.19427946160398205,0.0,0.0,0.0,0.0,0.0,0.0,0.0,0.0,0.0,0.0,0.0,0.0,0.0,0.0,0.0
0.6683582822238961,0.2462278933871247,11.0,0.66,0.79,0.81,0.0,0.4,0.7988593472937844,0.7333820205078523,0.746988380949282,0.35964629952750526,0.23043882519903525,0.7503833308174367,0.17272139660103691,0.04604552695601991,0.03453382058117284,0.10360508004386204,0.0,0.0,0.0,0.0,0.0,0.0,0.0,0.0,0.0,0.0,0.0,0.0,0.0,0.0,0.0,0.0
0.6683582822238961,0.2462278933871247,11.0,0.66,0.79,0.81,0.0,0.5,0.8190190299374397,0.7072031159074679,0.8581598939088672,1.4138645276781734,1.2369357414054971,0.2823498209965434,0.24552277368799677,0.810473389245152,0.6626476550884425,0.9878952148989832,1.1176028258589963,0.4416248854408993,0.3433685397410797,0.44147056990230804,0.44147056990230804,0.0,0.0,0.0,0.0,0.0,0.0,0.0,0.0,0.0,0.0,0.0
0.6683582822238961,0.2462278933871247,11.0,0.66,0.79,0.81,0.0,0.6,0.9513321196612928,0.6668017928782866,0.8786531157487976,1.1423616316925245,0.756337852721264,1.2808257218942976,1.2037791532314335,0.7644902698017293,0.5362447323907467,0.4243461189678442,0.5777047471488951,0.6953652289676435,0.8900288504619338,1.5179735506333163,0.7815358861081858,0.7095868946405323,0.34726344289987404,0.6048823805181622,-4.902480080375629e-15,-4.838055668028453e-15,-4.744692956959895e-15,0.7608566782596551,0.7607575645989746,0.0,0.0,0.0
0.6683582822238961,0.2462278933871247,11.0,0.66,0.79,0.81,0.0,0.7,0.8878063915922803,0.6512980237767937,0.5472466397851736,0.8032329694718875,1.0841145490401871,1.0619024410778173,0.8876615679899713,1.3645388730300971,0.8416205092156562,1.0066447283852131,0.91327843284148,0.8458571755687807,0.6649465592210299,0.6417302919543652,0.6393668831818183,0.5249828726473237,0.6391446753645204,0.7051063594104033,0.5784393334709614,0.7866894806171639,0.7047846692009739,0.7246851850847925,0.8753518813439762,0.7290027179495892,0.7332384729780987,0.5527982202074608
0.6683582822238961,0.2462278933871247,11.0,0.66,0.79,0.81,0.0,0.8,0.8392355480043914,0.736280926400027,0.5571452354480855,1.3512006155405953,-6.401087010009259e-16,0.34786827107743556,0.34786827107743556,0.0,0.0,0.0,0.0,0.0,0.0,0.0,0.0,0.0,0.0,0.0,0.0,0.0,0.0,0.0,0.0,0.0,0.0,0.0
0.6683582822238961,0.2462278933871247,11.0,0.66,0.79,0.81,0.0,0.9,0.8289948540828583,0.9933624342205799,1.0232109013657251,2.1979638269412938,1.4989872369474766,1.5520131413454423,0.8503050014951592,0.8926301397088751,0.9230636950152116,0.1545073735266148,0.13045631036744848,0.2427956497802126,0.14063459991442004,1.30744600744491,0.1648493561268671,0.0,0.0,0.0,0.0,0.0,0.0,0.0,0.0,0.0,0.0,0.0
0.6683582822238961,0.2462278933871247,11.0,0.66,0.79,0.81,0.0,1.0,1.957295034046915,1.7256330279705747,1.0183642605162335,0.8327162470514792,1.1788799129614163,1.0309591633545723,0.9600365372019535,0.9599567504446789,0.9206823444865732,0.8733093984655051,0.8196264120880421,0.8106039266129765,0.7614740009375704,0.7305739553683637,0.695744826022542,0.821644331414957,0.7408932175568419,0.8386267576517649,0.8004486461052529,0.7740533341097535,0.6314212951363107,0.7407191265621261,0.65218632199484,0.66957301694679,0.550262223878079,0.7150379221413818
0.6683582822238961,0.2462278933871247,11.0,0.87,0.92,0.94,0.0,0.1,0.9992326316560406,0.6517922731995909,0.4686541052294439,0.7714425986262984,0.12411976927165445,0.0,0.0,0.0,0.0,0.0,0.0,0.0,0.0,0.0,0.0,0.0,0.0,0.0,0.0,0.0,0.0,0.0,0.0,0.0,0.0,0.0
0.6683582822238961,0.2462278933871247,11.0,0.87,0.92,0.94,0.0,0.2,0.7955845732305421,0.7615746322611069,1.130040305641103,0.44348046195154717,0.0,0.0,0.0,0.0,0.0,0.0,0.0,0.0,0.0,0.0,0.0,0.0,0.0,0.0,0.0,0.0,0.0,0.0,0.0,0.0,0.0,0.0
0.6683582822238961,0.2462278933871247,11.0,0.87,0.92,0.94,0.0,0.3,0.4840902192039765,0.3516672897841091,0.46257785641748994,0.4409442742846222,0.27738121062552124,0.6359502938465874,0.7225623020186052,0.28883908056610413,0.0,0.0,0.0,0.0,0.0,0.0,0.0,0.0,0.0,0.0,0.0,0.0,0.0,0.0,0.0,0.0,0.0,0.0
0.6683582822238961,0.2462278933871247,11.0,0.87,0.92,0.94,0.0,0.4,1.2899576627854694,0.900328898355996,0.7691962803019389,0.8412480167203374,1.0646152876626962,0.7194650949883207,0.5096055340409619,0.7007346056020666,0.6514874182251916,0.8352005103168585,0.3917020224021617,0.5099013923207052,0.4029743691122569,0.762160823036771,0.4101892551186883,0.10497831421578907,0.07780095003863055,0.1034097164038086,0.10315754298635589,0.0,0.0,0.0,0.0,0.0,0.0,0.0
0.6683582822238961,0.2462278933871247,11.0,0.87,0.92,0.94,0.0,0.5,1.0367959164334153,0.8766421779167811,0.7452670665566861,0.9609716115333679,0.9164520352441781,1.0101104182663243,0.8627498445896102,0.30761580744229133,0.8218087788656536,0.6591300415211215,0.5002548567997619,0.47713308252631503,0.9695684728821415,0.3639547573625411,0.5564659178455625,0.5157501626047086,1.0081605627767376,0.5301134685669877,0.5285376287409789,0.0,0.0,0.0,0.0,0.0,0.0,0.0
0.6683582822238961,0.2462278933871247,11.0,0.87,0.92,0.94,0.0,0.6,0.9752697883123524,0.995712513984237,0.40454596602233756,0.596441845842483,0.9268187710360334,0.7130850679344636,0.9890871748160542,1.3007804473099873,1.2982647392336018,0.5321951981832144,0.29230142838420997,0.2657205860034167,0.9792378468203935,0.744784655615686,1.395227283472786,0.9743319797949351,1.0343668453546264,0.03534184581772038,0.4546958490974805,0.8247480227038629,0.8496921634338833,0.618010836900835,0.4797799729384379,0.19097647622572322,0.4237303379741717,1.1272356716451515
0.6683582822238961,0.2462278933871247,11.0,0.87,0.92,0.94,0.0,0.7,1.3837103070981842,1.2447613314759307,0.5968467378384873,0.44479170100625565,0.40800881695329155,0.86644147566808,0.07588079503887148,0.10117179941510858,0.202351381439025,0.1897058796002525,0.0758730131287092,0.0758730131287092,0.0,0.0,0.0,0.0,0.0,0.0,0.0,0.0,0.0,0.0,0.0,0.0,0.0,0.0
0.6683582822238961,0.2462278933871247,11.0,0.87,0.92,0.94,0.0,0.8,1.2646554942119577,1.168562661279719,1.016197383179422,0.8177180053355835,0.9925999822766837,0.7604604528931348,0.7110566459527606,0.7314874496917657,0.6407450901245946,0.40235780566215595,0.0,0.0,0.0,0.0,0.0,0.0,0.0,0.0,0.0,0.0,0.0,0.0,0.0,0.0,0.0,0.0
0.6683582822238961,0.2462278933871247,11.0,0.87,0.92,0.94,0.0,0.9,1.8630304857806734,1.0670709101568243,0.9422613150641104,1.49432836172641,1.289085860223936,1.8522955360830362,0.9449237021615694,0.5734090011870719,1.2318134834938017,0.7284104371372654,1.2006709341651196,0.4955299530025951,0.7994733786467437,0.5151896226434033,1.279861203619359,1.4182137481457924,1.2212485024520654,1.0798373054158423,1.081907957724218,1.0422828770335864,0.775801869204674,0.5992666303254269,0.6716357850622273,0.6566822096349383,0.861227459559988,0.7025553842615901
0.6683582822238961,0.2462278933871247,11.0,0.87,0.92,0.94,0.0,1.0,1.313601473363199,1.0264902006551946,0.8877397668572491,1.1746720383706022,1.3743091738323345,0.9321760430246142,0.6816393620036348,0.8638912284962075,1.2184957124174494,1.043016612912378,0.811513832346744,0.8649190615755785,0.922460556163917,0.7581119492798161,0.7988509655463446,0.7543378659272362,0.6740595037430619,0.7332046901495878,0.606220193034189,0.7161824138218748,0.6280883163362889,0.6098934435231553,0.8176616783595144,0.7629989222826062,0.661084977421248,0.7111888670064965
0.6683582822238961,0.2462278933871247,11.0,0.66,0.82,0.93,0.0,0.1,0.7318852520722612,0.5557838018164382,1.2237521672137304,0.658136742853391,0.7194177324133357,0.3151716960177447,0.0,0.0,0.0,0.0,0.0,0.0,0.0,0.0,0.0,0.0,0.0,0.0,0.0,0.0,0.0,0.0,0.0,0.0,0.0,0.0
0.6683582822238961,0.2462278933871247,11.0,0.66,0.82,0.93,0.0,0.2,0.41548621276947056,0.37865707358381384,0.4338976595713899,0.0,0.0,0.0,0.0,0.0,0.0,0.0,0.0,0.0,0.0,0.0,0.0,0.0,0.0,0.0,0.0,0.0,0.0,0.0,0.0,0.0,0.0,0.0
0.6683582822238961,0.2462278933871247,11.0,0.66,0.82,0.93,0.0,0.3,0.8442243010027899,0.5874716569297329,0.562138933652129,0.24572511780075562,0.22524093834069478,0.0,0.0,0.0,0.0,0.0,0.0,0.0,0.0,0.0,0.0,0.0,0.0,0.0,0.0,0.0,0.0,0.0,0.0,0.0,0.0,0.0
0.6683582822238961,0.2462278933871247,11.0,0.66,0.82,0.93,0.0,0.4,0.7808231926649328,0.5853895098127637,0.3153757799544893,0.38867435871510253,0.2199223624078477,0.1979231965510073,0.19790984331492203,0.19790984331492203,0.06595839925421454,0.0,0.0,0.0,0.0,0.0,0.0,0.0,0.0,0.0,0.0,0.0,0.0,0.0,0.0,0.0,0.0,0.0
0.6683582822238961,0.2462278933871247,11.0,0.66,0.82,0.93,0.0,0.5,1.1395286081371767,0.8807724629492678,1.01372780415012,0.47042313780088507,0.41100026578167026,0.6606873142534174,0.6533500528741992,0.5225908928052413,0.43753766843966496,0.18422522980132336,0.14712698319921555,0.5584740741056369,0.41846060695176485,0.795996202923821,0.6117096835149687,0.46345823974496686,0.4913828750289145,0.10777430054044054,0.059452988628474916,2.727800061911511,3.061816514206227,3.4016061702205205,0.0,0.0,0.0,0.0
0.6683582822238961,0.2462278933871247,11.0,0.66,0.82,0.93,0.0,0.6,1.2739274854716016,0.5750497143940699,0.806806733659223,0.38064674399949505,0.22279170312549867,0.2722842526252038,0.22276946201242753,0.1484886299566762,0.0,0.0,0.0,0.0,0.0,0.0,0.0,0.0,0.0,0.0,0.0,0.0,0.0,0.0,0.0,0.0,0.0,0.0
0.6683582822238961,0.2462278933871247,11.0,0.66,0.82,0.93,0.0,0.7,0.8199846153504807,0.6810694497567193,0.25500840564891336,1.1575116530371508,1.2286175508945132,0.7242164406588567,1.1872929241343075,1.4599867276715628,0.7451018675546293,0.5461329058734787,0.7444143140136076,1.099149660347202,1.2522217303776086,0.9430777988375901,0.8925540090144882,0.7683073352209735,0.8539784542951392,0.8174836245863579,0.6919394448134688,0.7772022472023984,0.6075537981357638,0.765674078735819,0.7241294569577458,0.7239941945865456,0.6134572336182252,0.6377299425725294
0.6683582822238961,0.2462278933871247,11.0,0.66,0.82,0.93,0.0,0.8,1.0282935034262373,0.646740723768664,0.8375470981990681,0.26770259202654334,0.2091435123196579,0.08362837643788416,0.3903924042412452,0.4737747409646602,0.41793162081275653,0.0,0.0,0.0,0.0,0.0,0.0,0.0,0.0,0.0,0.0,0.0,0.0,0.0,0.0,0.0,0.0,0.0
0.6683582822238961,0.2462278933871247,11.0,0.66,0.82,0.93,0.0,0.9,0.7704715451171459,0.7749942925202812,1.1890584003414577,1.7246515829111149,0.5645361471704038,0.9293740055078195,1.2956914492252158,1.4819945756541093,1.0821024113796747,0.8449744453939484,0.521803973302498,0.978518819785151,0.7375673374542359,0.5349709169776506,1.0721011881678657,1.28844940383365,1.2701540797138184,0.8945225173904239,0.7783192119973339,0.6136511027019087,0.7585184307334609,0.7385250601457286,0.6484676980243307,0.6389706591642922,0.7901856803110325,0.8465834114728789
0.6683582822238961,0.2462278933871247,11.0,0.66,0.82,0.93,0.0,1.0,0.8854548224961267,1.0935008131213266,0.8524123652809618,0.79260687418209,0.9360223235549838,0.8411422775537744,1.0751653306695443,1.0383438202302693,0.9397881725738154,0.9703576589680311,1.0954722260691145,0.9073284718623668,0.9766407995976318,0.8178937603193714,0.6495495786640285,0.9348435607298902,0.8854182848848944,0.7775188412650443,0.6845920878689403,0.6746647651176545,0.7058186429397711,0.7896102283709492,0.7467217764026545,0.7674287645635258,0.893717659510052,0.7120435387098497
0.6683582822238961,0.2462278933871247,11.0,0.69,0.77,0.78,0.0,0.1,0.5968472583304744,0.5461206879506778,0.5132414366585838,0.6846669534557616,0.9794060365246384,0.6975887732791218,0.40651286788948326,0.2902402066997454,0.0,0.0,0.0,0.0,0.0,0.0,0.0,0.0,0.0,0.0,0.0,0.0,0.0,0.0,0.0,0.0,0.0,0.0
0.6683582822238961,0.2462278933871247,11.0,0.69,0.77,0.78,0.0,0.2,1.0802969742292858,0.7090847933200485,0.43518140631921015,0.7697358596880478,0.6834357609673005,0.7833976973660708,0.6327507604657028,0.4680885303998911,0.36839660910807637,0.5894422675300587,0.3291364398163465,0.381364323793111,0.6424521741915628,0.8902199956157162,0.7731942362029502,0.7610645761131308,0.7176206395222329,0.7705814183953021,0.9203633938678035,0.6534514138531982,0.35218567424194247,0.3453820576925629,0.4884990754960807,1.335674671393016,0.7784185825060331,0.09196102086258627
0.6683582822238961,0.2462278933871247,11.0,0.69,0.77,0.78,0.0,0.3,0.864201925800581,0.6821526507202101,0.7920257588177156,0.8251668549593695,0.7478056759189654,0.32949946553284354,1.1868672055487437,0.0,0.0,0.0,0.0,0.0,0.0,0.0,0.0,0.0,0.0,0.0,0.0,0.0,0.0,0.0,0.0,0.0,0.0,0.0
0.6683582822238961,0.2462278933871247,11.0,0.69,0.77,0.78,0.0,0.4,1.1087021889217081,1.1558529041521242,0.9572914719976464,0.936269512996315,1.0015973751938954,0.8616952657373987,0.6480512764463879,0.5210771503909432,0.2323284130409231,0.7076329219888386,1.1678807907773128,-3.414830267514657e-16,-3.414830267514657e-16,-3.414830267514657e-16,0.07066975821760695,0.0,0.0,0.0,0.0,0.0,0.0,0.0,0.0,0.0,0.0,0.0
0.6683582822238961,0.2462278933871247,11.0,0.69,0.77,0.78,0.0,0.5,1.2189614875788162,0.4215891208967864,0.8313568871162422,0.9493392974035966,0.957219602013008,0.3290804672748656,0.17828952062564127,0.1485656306361679,0.0,0.0,0.0,0.0,0.0,0.0,0.0,0.0,0.0,0.0,0.0,0.0,0.0,0.0,0.0,0.0,0.0,0.0
0.6683582822238961,0.2462278933871247,11.0,0.69,0.77,0.78,0.0,0.6,1.1363288347917846,0.7023396576998097,1.4050385683928768,1.644975642692595,0.649073378288712,0.5928695050775545,1.0093891210926025,0.9702773204316731,0.9616762534568963,0.864679043524721,0.8341728332213876,0.6651288030081307,0.5528985258630364,0.629689196855666,0.6619299407862999,0.7452931540358987,0.6258802348405323,0.6670687502551874,0.7679544471186786,0.6867632370131235,0.9792578181692565,0.22579836194427477,0.5459251896907932,0.4097810382257359,0.3367883161554278,0.2503866396862832
0.6683582822238961,0.2462278933871247,11.0,0.69,0.77,0.78,0.0,0.7,1.1956793289322407,0.8374131882747609,0.8857065491285806,0.7685344612610312,0.710785838348648,0.640220119819762,0.7363217606436341,1.1442400205465193,1.7219123852703555,1.5596106987480158,0.9844802078389858,0.7806722799786388,0.8903306909803289,0.9956224407498425,0.7375773031991867,0.8598702025835976,0.6502349648590084,0.5951214814413887,0.5146354593007793,0.5532250291731032,0.4835129938987323,0.5726365980916,0.6728110279707314,0.4790973628686673,0.8482499155847936,1.3459402010103412
0.6683582822238961,0.2462278933871247,11.0,0.69,0.77,0.78,0.0,0.8,0.9804889305772151,0.8680815632386129,1.0228749324206505,0.3504413150056786,0.1751940906166923,0.0,0.0,0.0,0.0,0.0,0.0,0.0,0.0,0.0,0.0,0.0,0.0,0.0,0.0,0.0,0.0,0.0,0.0,0.0,0.0,0.0
0.6683582822238961,0.2462278933871247,11.0,0.69,0.77,0.78,0.0,0.9,1.7591938098181747,0.9133070008469085,0.6414808648852689,0.9295278429750331,0.7751057072898911,0.8730989980259478,1.1595263394627644,0.7892808003521716,0.8042212368985814,0.7772759383379371,0.7519745201524005,0.7424251154839696,0.6914059402554852,0.8050459514715833,0.7373927133925284,0.7560499523235128,0.870201110608977,0.907567858740162,0.8079437103896518,0.7045840469036657,0.6391273583345792,0.6741731686445184,0.6045206909707613,0.6871051527607427,0.7025389485726814,0.7580395741520959
0.6683582822238961,0.2462278933871247,11.0,0.69,0.77,0.78,0.0,1.0,1.214628180481211,1.064064241816575,0.979675856471003,0.9953725350419129,1.264801752646646,1.05508597424911,1.2987472507568971,1.0032759476845203,0.8628619667150607,0.9610971727317198,0.9702808560469527,0.891406224673575,0.8158950744613925,0.7104091730690282,0.8473064816842443,0.7432506026084358,0.698615105855922,0.7622212524731824,0.6873393406743279,0.6587848848879745,0.6301428503617249,0.5837425649469604,0.5581146420213337,0.591995647820521,0.6011103138022249,0.6197043635070761
0.6683582822238961,0.2462278933871247,11.0,0.67,0.8,0.88,0.0,0.1,0.5755614685869814,0.3424420956933453,0.42930269483816985,0.7755550961690493,0.9121342503413393,0.4337565955100031,0.23194446327629892,0.5176628438894384,0.4082406917389371,0.523050667020376,0.4056982233240813,0.576714974670286,0.6345798079773552,0.503248949353624,0.7179626818659824,0.7296860109659046,0.5314902383549561,0.8394576201050872,0.7851155851642921,0.5605449564662492,0.8515858593016423,0.6500279034125909,0.6402889197000121,0.41878081675941375,0.13390893565234782,1.090889066831752
0.6683582822238961,0.2462278933871247,11.0,0.67,0.8,0.88,0.0,0.2,0.5363692476205443,0.5390771615154553,0.333614989496737,0.1677410385797214,0.2567219760195822,0.1944979331701456,-1.1477235554802686e-16,-1.1477235554802686e-16,0.05831659249485199,0.11663318498970399,0.11663318498970399,0.0,0.0,0.0,0.0,0.0,0.0,0.0,0.0,0.0,0.0,0.0,0.0,0.0,0.0,0.0
0.6683582822238961,0.2462278933871247,11.0,0.67,0.8,0.88,0.0,0.3,0.807716827312462,0.48883636760435933,0.5479521258979112,0.42239813733829773,0.45562254302258676,0.9305800631966414,0.4399132235456193,0.0896501870036237,-2.500352718881927e-16,0.15688782679009994,0.1882693891288779,0.1882693891288779,0.0,0.0,0.0,0.0,0.0,0.0,0.0,0.0,0.0,0.0,0.0,0.0,0.0,0.0
0.6683582822238961,0.2462278933871247,11.0,0.67,0.8,0.88,0.0,0.4,1.1800843994210124,0.8026547789050488,1.0728003031261149,0.09441457662774425,0.4411710585068117,0.5029738340249458,0.26099767114267525,0.7541466487112655,0.4816656052210959,0.38136714973359914,0.568154265533724,0.5083545772906346,0.6204411424203401,0.21410974518104486,0.06468488038995643,0.0,0.0,0.0,0.0,0.0,0.0,0.0,0.0,0.0,0.0,0.0
0.6683582822238961,0.2462278933871247,11.0,0.67,0.8,0.88,0.0,0.5,0.9217624555119318,0.6825905545621019,0.7242574662175392,0.5342001050991371,0.5649647608353505,0.7948751286825188,0.8558625943573062,0.7030605442984321,0.43103607977989855,0.8863724496683606,0.8969169721246317,1.2108568918234244,1.190184461496826,0.8034624740395883,0.46496647407434666,0.5260805518378545,0.4085981232559698,0.70398286703112,0.8769855147147319,0.7188094403874692,0.7570687432779026,0.7471798673456086,0.6213002044226806,0.6994953946213281,0.789397162059556,0.8334590744498642
0.6683582822238961,0.2462278933871247,11.0,0.67,0.8,0.88,0.0,0.6,1.5154748806771456,1.191889869838466,1.0217156385311685,0.803162341261293,0.6536931271712232,0.7256096322674879,0.4603751861935268,0.6096496433051359,0.36628895260079003,0.6931717981104072,0.636050233565529,0.5132207025263257,0.9540712522424121,0.6751454166237749,0.3747493762458516,0.7222086188729058,1.4934670012950944,1.1408806491444454,1.157156469962184,0.27225379370955255,0.5627514339568755,1.6175859323104294,0.0,0.0,0.0,0.0
0.6683582822238961,0.2462278933871247,11.0,0.67,0.8,0.88,0.0,0.7,2.0892241404805336,1.6075267578251637,0.9967186864286516,1.0409826731366243,0.7242771217595654,0.9037542189725546,0.6843399326571579,0.7271023456446267,0.9932124391593824,0.8396293638413799,0.9694435305011864,0.8578649222510656,0.8291425964393223,0.7816585167195674,0.7834789700671091,-0.00037462623203981827,0.6885520860329807,0.6388300919397499,0.7385459922711478,0.7252161103395219,0.7513747417081735,0.7074925590713781,0.5659591517853358,0.6760359832211342,0.915776983577681,0.6589378539691423
0.6683582822238961,0.2462278933871247,11.0,0.67,0.8,0.88,0.0,0.8,0.9216263234902183,0.7133103042427986,0.6554800609410548,0.7523402969152664,0.9864165664913522,0.6958610137951261,0.39387446325005315,0.6374668610555557,1.1845394152507476,0.576599495048198,0.4191292677436173,0.4010630809789063,0.12554167815786776,1.4131506768142759,0.18904188105312938,0.8765102777375554,0.3527550318346442,0.0,0.0,0.0,0.0,0.0,0.0,0.0,0.0,0.0
0.6683582822238961,0.2462278933871247,11.0,0.67,0.8,0.88,0.0,0.9,0.7597042055313615,0.7124979955930469,0.43719417829270457,0.34021587623033506,0.5185808013781523,0.9075147403108481,1.3920380426977443,0.652264353305334,0.8512717644316408,0.540305058291648,0.20596261574088906,0.15882867246243113,0.25628898356653784,0.37862234639360487,0.24964909293940968,0.0,0.0,0.0,0.0,0.0,0.0,0.0,0.0,0.0,0.0,0.0
0.6683582822238961,0.2462278933871247,11.0,0.67,0.8,0.88,0.0,1.0,0.5928204299573777,0.45510026896822214,0.30036032960158854,0.17529928622022808,0.8034185221220439,0.8312734031864766,1.0489997488510636,0.8194971921257218,0.9364950328283812,1.1660204750160186,0.6421951019969753,1.3067590559953468,0.7227742255096008,0.3867915695393974,0.99339528089609,0.8707722025011632,1.3937371157302827,0.9530210026005033,0.8574628836108704,0.6530968446909745,0.8517669751997708,1.0313613034639633,0.9354207631252137,0.77938176832541,0.9255890181170562,0.8464267351757014
0.6683582822238961,0.2462278933871247,11.0,0.66,0.75,0.78,0.0,0.1,0.8963041299676292,0.7041719089064907,0.42116802213347165,0.9051075082248659,0.5334770300759476,0.7387437092262501,0.27172245906168163,0.1164085424096299,0.0,0.0,0.0,0.0,0.0,0.0,0.0,0.0,0.0,0.0,0.0,0.0,0.0,0.0,0.0,0.0,0.0,0.0
0.6683582822238961,0.2462278933871247,11.0,0.66,0.75,0.78,0.0,0.2,0.830041545664744,0.6631386831805777,1.0005683912504246,1.5284245729551929,1.2323644568911547,0.2595267672206689,0.9964823423530789,0.8572633584790947,1.014570418161487,0.5648357038922286,0.5472558359479822,0.6109472283090172,0.3228849997865395,0.5042094565184907,0.5895672217326975,0.49445985265860776,0.451025259407514,0.21094588772934078,0.05219141101587515,0.0,0.0,0.0,0.0,0.0,0.0,0.0
0.6683582822238961,0.2462278933871247,11.0,0.66,0.75,0.78,0.0,0.3,0.684568012488075,0.62012595674568,0.44816743453062263,0.35842163685487266,0.47044252639086054,0.0,0.0,0.0,0.0,0.0,0.0,0.0,0.0,0.0,0.0,0.0,0.0,0.0,0.0,0.0,0.0,0.0,0.0,0.0,0.0,0.0
0.6683582822238961,0.2462278933871247,11.0,0.66,0.75,0.78,0.0,0.4,1.1082851475115074,0.8102119507321681,1.2047228759210993,0.44041288495871334,0.21197666346563013,0.16483190482816143,0.45936655536627835,0.3296286506320257,0.3296286506320257,0.552723225457154,2.0996771984046916,1.1507019270836987,0.757192867620601,0.40986479745149706,0.48805046183817685,0.4535839911287999,0.8041754947166144,0.7053002320049858,1.2476348212868618,1.0285508749022345,0.7544840847690754,0.8609743440870021,0.29639718376433405,0.8318522103039877,1.818186498404211,0.09012983313277169
0.6683582822238961,0.2462278933871247,11.0,0.66,0.75,0.78,0.0,0.5,1.3912151180838679,0.7637575158563129,0.5791018489011796,0.3275666958961579,0.41659952568009534,0.23582881473356423,0.3242752014273593,0.6260616239073868,0.820237717173837,0.8199753719968722,0.6215490214255195,0.35915745797093374,0.6411189907531418,0.7549539708357649,1.4945194895629832,0.8136345450705212,0.32006565236148504,0.9240564502637204,0.5418111408058786,0.5007288440222885,0.3396442573944421,0.776760744927684,0.8799443519890253,0.7866199011503642,1.216916091195983,0.8350060557006691
0.6683582822238961,0.2462278933871247,11.0,0.66,0.75,0.78,0.0,0.6,0.7026166403440275,0.4992451564029293,0.7443968625470363,1.3713861561567615,0.7206286239065463,0.4801302827687354,0.7961075778074104,0.9038282229561634,1.0270075756730075,0.7597959357593906,0.44348924431627706,0.7417015709309358,0.788464952087362,0.6596876445954942,0.7007847526963114,0.7389627541404795,0.7986261491404993,0.6749164296079928,0.6678635313917843,0.5472721713442601,0.5350695550370925,0.7594076761481368,0.797490569430862,0.5807256721489481,0.6615695863075918,0.9821594082545069
0.6683582822238961,0.2462278933871247,11.0,0.66,0.75,0.78,0.0,0.7,0.6912161436481149,0.7983436061137693,0.8517468958233538,1.3358964149384516,1.0289757731483347,0.8105438811082993,1.1025347937581476,0.9286366544674903,0.844700166972557,1.2202327443663108,0.9788566471441732,0.967214553067227,1.0666001569913302,0.8014779019029113,0.6264522989425756,0.7081487619167469,0.9036375130379287,1.0542433843222463,0.8290742042330078,0.5584552492499056,0.7230572591700017,0.7033337627787931,0.7267462789749388,0.8094759784827759,0.7013069038245451,0.6426468398685099
0.6683582822238961,0.2462278933871247,11.0,0.66,0.75,0.78,0.0,0.8,1.4355732045501335,1.1228732684809777,1.2376419713506015,0.6441955003535532,0.7271291375212362,0.8425981014732625,0.7665054994414783,0.7076331885078644,0.9324182913103737,0.8428924699059791,0.6348710054456558,0.8369933097569364,0.9930402252016961,0.9087546655049473,0.6263446701829393,0.8620176635667128,0.6598150033979058,0.7971765845815141,0.8876953151537905,0.8675041082597562,0.8031528677353515,0.7753516457288225,0.783312126478505,0.8124898128545042,0.7015160777259665,0.726760104853549
0.6683582822238961,0.2462278933871247,11.0,0.66,0.75,0.78,0.0,0.9,1.156208658979636,0.8291496516028954,0.5437953306678757,1.3848521263795004,0.9811240713817199,1.028626828072348,0.9673660916054929,0.62497152813045,1.0915513972577715,0.7378613760711717,1.0497734911547933,0.9957109226881438,0.7689931607099082,1.0150698239398677,0.889611334909285,0.823762473997438,0.6246005221318637,0.5966317736769635,0.7515410254065646,0.6031568920569809,0.7381719790310153,0.7420643582406808,0.6889562578043082,0.5738634943246658,0.7095485320826765,0.8636387452934956
0.6683582822238961,0.2462278933871247,11.0,0.66,0.75,0.78,0.0,1.0,1.3566500268063766,0.8364539422298057,1.0099802378024185,1.212457252301724,1.7208034836823087,1.2055796557293907,1.2323821040955827,1.133746293967184,0.9739987262497426,0.887506957894451,1.1248648061889643,0.932044608669507,0.8571462250775563,0.9505344035117467,0.8694196847658291,0.8994358602682374,0.8534234543918249,0.7257586460739369,0.6374775614642392,0.6223439877857593,0.5511455981252833,0.6012969692144512,0.6870808886503558,0.6971129911750525,0.8447602709914188,0.7536478630393879
